1980.1	714.939	248.288	207.831	89.6879	0	0	0	0	0	0	0	0	0	0	0	0	0	0	0	0	0	0	0	1	
1980.2	662.252	237.955	240.066	87.3952	0	0	0	0	0	0	0	0	0	0	0	0	0	0	0	0	0	0	0	1	
1980.3	617.894	230.957	271.873	79.1828	0	0	0	0	0	0	0	0	0	0	0	0	0	0	1	0	0	0	0	0	
1980.4	582.492	209.12	237.919	73.2774	0	0	0	0	0	0	0	0	0	0	0	0	0	0	1	0	0	0	0	0	
1980.5	539.304	179.975	236.967	89.8861	0	0	0	0	0	0	0	0	0	0	0	0	0	0	1	0	0	0	0	0	
1980.6	480.3	156.876	268.642	89.5832	0	0	0	0	0	0	0	0	0	0	0	0	0	0	1	0	0	0	0	0	
1980.7	461.352	128.465	202.347	72.5191	0	0	0	0	0	0	0	0	0	0	0	0	0	0	1	0	0	0	0	0	
1980.8	434.993	155.733	193.33	61.1594	0	0	0	0	0	0	0	0	0	0	0	0	0	0.25	0.75	0	0	0	0	0	
1980.9	424.714	127.643	176.296	66.5045	0	0	0	0	0	0	0	0	0	0	0	0	0	0.25	0.75	0	0	0	0	0	
1981	406.796	110.588	167.504	93.9159	0	0	0	0	0	0	0	0	0	0	0	0	0	0.4	0.6	0	0	0	0	0	
1981.1	333.598	132.131	182.685	99.1069	0	0	0	0	0	0	0	0	0	0	0	0	0	0.25	0.75	0	0	0	0	0	
1981.2	324.008	115.199	142.248	109.7	0	0	0	0	0	0	0	0	0	0	0	0	0.1	0.3	0.6	0	0	0	0	0	
1981.3	338.343	109.405	141.632	131.267	0	0	0	0	0	0	0	0	0	0	0	0	0.125	0.125	0.75	0	0	0	0	0	
1981.4	289.538	120.075	140.856	158.052	0	0	0	0	0	0	0	0	0	0	0	0.05	0.05	0.1	0.8	0	0	0	0	0	
1981.5	295.927	92.2945	124.601	173.878	0	0	0	0	0	0	0	0	0	0	0.0416667	0	0.0833333	0.0416667	0.833333	0	0	0	0	0	
1981.6	317.215	97.657	131.528	162.479	0	0	0	0	0	0	0	0	0	0.0333333	0	0	0.0666667	0.166667	0.733333	0	0	0	0	0	
1981.7	323.724	86.7181	100.2	156.547	0	0	0	0	0	0	0	0	0.03125	0	0	0.0625	0.03125	0.28125	0.59375	0	0	0	0	0	
1981.8	322.16	64.6731	115.057	166.801	0	0	0	0	0	0	0	0.0294118	0	0.0294118	0	0.0294118	0.0882353	0.323529	0.5	0	0	0	0	0	
1981.9	312.667	59.116	106.764	150.15	0	0	0	0	0	0	0.0487805	0	0	0	0	0.0243902	0.097561	0.268293	0.560976	0	0	0	0	0	
1982	341.893	64.1647	68.3787	154.989	0	0	0	0	0.0222222	0.0222222	0	0	0	0	0	0.0888889	0.0666667	0.377778	0.422222	0	0	0	0	0	
1982.1	347.616	63.7993	68.0118	138.52	0	0	0	0.0196078	0	0.0196078	0	0	0	0	0.0196078	0.0588235	0.117647	0.372549	0.392157	0	0	0	0	0	
1982.2	353.091	68.8157	60.1007	138.067	0	0.0166667	0	0	0.0166667	0	0	0	0	0	0.0333333	0.05	0.15	0.333333	0.4	0	0	0	0	0	
1982.3	381.48	63.4532	52.3599	148.22	0.0135135	0	0	0.0135135	0	0	0	0	0	0.0135135	0.027027	0.0405405	0.189189	0.27027	0.432432	0	0	0	0	0	
1982.4	372.689	73.9063	59.6303	168.843	0.0128205	0	0	0.0128205	0	0	0	0	0	0.0128205	0.0384615	0.0512821	0.166667	0.25641	0.448718	0	0	0	0	0	
1982.5	355.925	68.4589	74.151	168.296	0.0121951	0	0.0121951	0	0	0	0	0	0.0121951	0.0121951	0.0243902	0.109756	0.170732	0.292683	0.353659	0	0	0	0	0	
1982.6	369.085	68.341	73.8171	199.214	0	0	0.0113636	0	0	0	0	0.0113636	0	0.0227273	0.0568182	0.0681818	0.204545	0.295455	0.329545	0	0	0	0	0	
1982.7	418.226	67.9798	66.0357	193.382	0	0.0107527	0	0	0	0	0	0.0107527	0	0.0322581	0.0752688	0.129032	0.215054	0.247312	0.27957	0	0	0	0	0	
1982.8	430.531	72.7889	65.6743	192.698	0	0.00990099	0	0	0	0	0.00990099	0	0.019802	0.049505	0.049505	0.168317	0.19802	0.237624	0.257426	0	0	0	0	0	
1982.9	464.576	62.154	58.072	197.309	0.00943396	0	0	0	0	0	0.00943396	0	0.0377358	0.0377358	0.0849057	0.132075	0.198113	0.245283	0.245283	0	0	0	0	0	
1983	483.755	77.5265	50.5415	206.927	0.00854701	0	0	0	0	0.00854701	0	0.017094	0.017094	0.0598291	0.0854701	0.111111	0.179487	0.264957	0.247863	0	0	0	0	0	
1983.1	475.025	67.0734	57.5788	159.946	0.00806452	0	0	0	0	0.00806452	0.00806452	0.0241935	0.0241935	0.0483871	0.0887097	0.153226	0.16129	0.209677	0.266129	0	0	0	0	0	
1983.2	487.665	66.9596	64.5439	149.142	0.00763359	0	0	0	0.00763359	0	0.0152672	0.0229008	0.0381679	0.0610687	0.0763359	0.137405	0.167939	0.221374	0.244275	0	0	0	0	0	
1983.3	478.469	71.9238	85.6959	138.353	0.00746269	0	0	0	0.00746269	0.00746269	0.0149254	0.0223881	0.0447761	0.0746269	0.0746269	0.134328	0.201493	0.19403	0.216418	0	0	0	0	0	
1983.4	469.317	71.5922	78.2194	132.833	0.00675676	0.00675676	0	0	0.0135135	0	0.027027	0.0135135	0.0472973	0.0675676	0.0878378	0.114865	0.202703	0.189189	0.222973	0	0	0	0	0	
1983.5	474.202	71.1401	70.7764	157.921	0	0.00628931	0	0.00628931	0.00628931	0.0188679	0.0125786	0.0251572	0.0377358	0.0628931	0.106918	0.100629	0.207547	0.150943	0.257862	0	0	0	0	0	
1983.6	493.27	96.1837	63.4205	172.662	0.00581395	0	0	0.0116279	0.00581395	0.0174419	0.00581395	0.0232558	0.0639535	0.0348837	0.116279	0.127907	0.156977	0.174419	0.255814	0	0	0	0	0	
1983.7	512.101	90.8387	63.1357	167.067	0.00546448	0	0	0.010929	0.010929	0.0163934	0.0163934	0.0327869	0.0382514	0.0491803	0.103825	0.142077	0.136612	0.174863	0.262295	0	0	0	0	0	
1983.8	530.912	110.84	76.8425	201.861	0.00520833	0	0.0104167	0.00520833	0.015625	0.00520833	0.015625	0.0416667	0.0416667	0.0520833	0.0885417	0.15625	0.145833	0.135417	0.28125	0	0	0	0	0	
1983.9	542.42	115.71	83.4492	231.429	0.00478469	0	0.00956938	0.00956938	0.00956938	0.00956938	0.0191388	0.0382775	0.0430622	0.0526316	0.076555	0.148325	0.15311	0.172249	0.253589	0	0	0	0	0	
1984	539.27	120.461	96.792	245.674	0.00446429	0	0.00892857	0.00892857	0.00446429	0.0178571	0.0267857	0.0267857	0.0446429	0.0758929	0.0892857	0.111607	0.165179	0.174107	0.241071	0	0	0	0	0	
1984.1	551.458	125.087	110.292	235.012	0.00420168	0.00420168	0.00420168	0.012605	0.00840336	0.00840336	0.0294118	0.0336134	0.0420168	0.0672269	0.113445	0.113445	0.147059	0.180672	0.231092	0	0	0	0	0	
1984.2	583.391	129.591	102.951	244.141	0.00395257	0.00790514	0.00790514	0.00395257	0.00790514	0.0237154	0.0197628	0.0355731	0.0355731	0.0711462	0.110672	0.12253	0.130435	0.185771	0.233202	0	0	0	0	0	
1984.3	622.605	128.931	102.627	228.571	0.00361011	0.00722022	0.00722022	0.0108303	0.00361011	0.0252708	0.0252708	0.0397112	0.0216606	0.0794224	0.0974729	0.122744	0.126354	0.184116	0.245487	0	0	0	0	0	
1984.4	593.614	158.172	109.17	232.812	0.00342466	0.00684932	0.0136986	0.00342466	0.010274	0.0205479	0.0308219	0.0308219	0.0410959	0.0890411	0.0753425	0.126712	0.123288	0.184932	0.239726	0	0	0	0	0	
1984.5	604.743	147.953	101.923	222.219	0.00993377	0.00993377	0.00331126	0.00662252	0.0165563	0.0198675	0.0331126	0.0298013	0.0397351	0.0960265	0.0794702	0.129139	0.145695	0.152318	0.228477	0	0	0	0	0	
1984.6	575.842	142.867	128.718	241.13	0.00961538	0.00641026	0.00641026	0.00320513	0.0224359	0.025641	0.0192308	0.0384615	0.0641026	0.0737179	0.0897436	0.125	0.144231	0.160256	0.211538	0	0	0	0	0	
1984.7	560.319	137.685	148.518	245.425	0.00911854	0.00607903	0.00607903	0.00911854	0.0151976	0.0273556	0.0303951	0.0303951	0.0729483	0.0638298	0.0881459	0.145897	0.133739	0.158055	0.203647	0	0	0	0	0	
1984.8	571.736	156.643	154.705	254.342	0.00862069	0.00574713	0.00287356	0.0114943	0.0229885	0.0258621	0.0229885	0.0344828	0.0775862	0.0574713	0.106322	0.112069	0.140805	0.158046	0.212644	0	0	0	0	0	
1984.9	617.367	141.611	154.342	234.168	0.0108108	0.0027027	0.00540541	0.0162162	0.0216216	0.0189189	0.0324324	0.0324324	0.0756757	0.0567568	0.121622	0.102703	0.121622	0.175676	0.205405	0	0	0	0	0	
1985	655.957	131.35	133.869	218.823	0.0101523	0.00507614	0.00253807	0.0253807	0.0177665	0.0177665	0.0329949	0.0329949	0.0837563	0.0482234	0.116751	0.106599	0.126904	0.15736	0.215736	0	0	0	0	0	
1985.1	639.829	116.084	153.292	218.088	0.00735294	0.00490196	0.00490196	0.0269608	0.0171569	0.0196078	0.0269608	0.0588235	0.0563725	0.0637255	0.115196	0.0955882	0.137255	0.169118	0.196078	0	0	0	0	0	
1985.2	636.267	115.869	125.928	251.143	0.00697674	0.00465116	0.0139535	0.0186047	0.0209302	0.0232558	0.0232558	0.055814	0.0511628	0.0767442	0.113953	0.0930233	0.14186	0.160465	0.195349	0	0	0	0	0	
1985.3	627.684	139.611	105.715	231.176	0.00681818	0.00454545	0.025	0.00909091	0.0227273	0.025	0.0295455	0.0568182	0.0613636	0.0772727	0.111364	0.0886364	0.134091	0.170455	0.177273	0	0	0	0	0	
1985.4	624.918	148.894	124.984	201.62	0.0131579	0.00219298	0.0285088	0.00438596	0.0241228	0.0285088	0.0350877	0.0614035	0.0504386	0.0921053	0.100877	0.109649	0.131579	0.157895	0.160088	0	0	0	0	0	
1985.5	642.16	133.818	117.948	196.14	0.0126316	0.00631579	0.0231579	0.0168421	0.0168421	0.0273684	0.0421053	0.0568421	0.0526316	0.0821053	0.105263	0.103158	0.147368	0.149474	0.157895	0	0	0	0	0	
1985.6	653.509	128.881	137.237	190.801	0.00808081	0.010101	0.020202	0.0181818	0.0161616	0.030303	0.0383838	0.0565657	0.0545455	0.0989899	0.0868687	0.107071	0.149495	0.139394	0.165657	0	0	0	0	0	
1985.7	625.692	128.451	117.317	204.34	0.00970874	0.0213592	0.00776699	0.023301	0.0194175	0.0252427	0.0485437	0.0446602	0.0640777	0.0990291	0.0679612	0.126214	0.149515	0.135922	0.157282	0	0	0	0	0	
1985.8	624.593	123.219	136.63	236.958	0.0111317	0.0204082	0.00742115	0.0222635	0.025974	0.0278293	0.0445269	0.0426716	0.0556586	0.103896	0.0686456	0.131725	0.139147	0.139147	0.159555	0	0	0	0	0	
1985.9	635.126	141.724	129.618	207.765	0.0108303	0.0198556	0.0144404	0.0180505	0.0270758	0.032491	0.0397112	0.0541516	0.0595668	0.0938628	0.0866426	0.129964	0.124549	0.151625	0.137184	0	0	0	0	0	
1986	625.847	136.425	116.137	202.474	0.0104348	0.0226087	0.013913	0.0173913	0.0243478	0.0382609	0.0365217	0.0591304	0.0573913	0.0886957	0.0886957	0.125217	0.133913	0.13913	0.144348	0	0	0	0	0	
1986.1	675.241	145.313	128.617	215.86	0.0118644	0.0186441	0.020339	0.0220339	0.020339	0.0389831	0.040678	0.0474576	0.0694915	0.0830508	0.0983051	0.120339	0.133898	0.142373	0.132203	0	0	0	0	0	
1986.2	666.923	144.794	134.667	233.939	0.0145396	0.0193861	0.0210016	0.0145396	0.0339257	0.0339257	0.0436187	0.0436187	0.0775444	0.0678514	0.113086	0.132472	0.122779	0.122779	0.138934	0	0	0	0	0	
1986.3	665.132	158.552	134.305	261.19	0.0203125	0.015625	0.021875	0.021875	0.025	0.0359375	0.0421875	0.0453125	0.084375	0.0734375	0.120313	0.121875	0.142187	0.0953125	0.134375	0	0	0	0	0	
1986.4	649.888	144.322	133.801	274.314	0.0211161	0.015083	0.0196078	0.0241327	0.0286576	0.0316742	0.0467572	0.0452489	0.0874811	0.081448	0.110106	0.12368	0.128205	0.102564	0.134238	0	0	0	0	0	
1986.5	661.241	157.673	152.594	268.851	0.0233918	0.0116959	0.0219298	0.0233918	0.0307018	0.0350877	0.0482456	0.0423977	0.0877193	0.0921053	0.108187	0.118421	0.133041	0.0891813	0.134503	0	0	0	0	0	
1986.6	672.077	152.487	158.509	281.824	0.0266854	0.0140449	0.0182584	0.0266854	0.0280899	0.0337079	0.0477528	0.0547753	0.0814607	0.0926966	0.11236	0.110955	0.117978	0.0997191	0.134831	0	0	0	0	0	
1986.7	682.077	151.969	145.257	294.712	0.0245902	0.0177596	0.0204918	0.0259563	0.0286885	0.0382514	0.0409836	0.0655738	0.0751366	0.0915301	0.122951	0.10929	0.106557	0.105191	0.127049	0	0	0	0	0	
1986.8	692.434	151.366	144.782	279.914	0.0241287	0.0201072	0.0187668	0.0335121	0.0254692	0.0375335	0.0442359	0.0737265	0.0790885	0.0898123	0.115282	0.107239	0.101877	0.105898	0.123324	0	0	0	0	0	
1986.9	709.621	146.325	150.716	265.483	0.0221354	0.0195312	0.0221354	0.0325521	0.0299479	0.0390625	0.0390625	0.0755208	0.0768229	0.108073	0.0976562	0.113281	0.0924479	0.114583	0.117188	0	0	0	0	0	
1987	731.707	145.927	137.586	255.395	0.0252207	0.0214376	0.0264817	0.0239596	0.0277427	0.0441362	0.0403531	0.07314	0.0819672	0.114754	0.0945776	0.107188	0.0920555	0.110971	0.116015	0	0	0	0	0	
1987.1	680.357	159.349	143.562	286.579	0.0231707	0.0219512	0.0292683	0.0219512	0.0304878	0.0402439	0.05	0.0756098	0.0878049	0.0926829	0.0987805	0.113415	0.0853659	0.0987805	0.130488	0	0	0	0	0	
1987.2	695.955	149.695	136.705	262.963	0.027027	0.0235018	0.027027	0.0199765	0.0305523	0.0434783	0.0505288	0.0775558	0.0904818	0.092832	0.0951821	0.0998825	0.0940071	0.0998825	0.128085	0	0	0	0	0	
1987.3	712.383	149.206	154.866	262.198	0.027366	0.027366	0.027366	0.0193843	0.0353478	0.041049	0.0490308	0.0843786	0.0923603	0.0832383	0.0957811	0.0946408	0.0889396	0.110604	0.123147	0	0	0	0	0	
1987.4	759.541	153.194	142.028	247.867	0.0320088	0.0264901	0.0275938	0.0198675	0.0353201	0.0419426	0.0662252	0.0706402	0.0905077	0.0827815	0.0949227	0.093819	0.0860927	0.110375	0.121413	0	0	0	0	0	
1987.5	757.389	161.513	129.31	292.077	0.0330843	0.0277481	0.0213447	0.0266809	0.0341515	0.0448239	0.0651014	0.0736393	0.0821772	0.0896478	0.0917823	0.0843116	0.0971185	0.0971185	0.13127	0	0	0	0	0	
1987.6	767.813	161.126	122.85	291.17	0.0354167	0.0270833	0.0177083	0.0302083	0.0364583	0.05	0.0614583	0.0770833	0.0854167	0.0885417	0.0833333	0.0927083	0.1	0.0947917	0.119792	0	0	0	0	0	
1987.7	765.415	178.444	122.466	294.698	0.0337769	0.024565	0.0163767	0.0317298	0.0409417	0.0511771	0.0614125	0.0849539	0.0849539	0.0839304	0.0890481	0.0818833	0.103378	0.0972364	0.114637	0	0	0	0	0	
1987.8	756.928	186.885	128.189	280.444	0.0308765	0.0278884	0.0149402	0.0308765	0.0507968	0.0448207	0.0657371	0.0896414	0.0806773	0.0876494	0.0856574	0.0886454	0.0946215	0.100598	0.106574	0	0	0	0	0	
1987.9	730.194	182.009	133.869	319.472	0.0337187	0.0260116	0.0183044	0.0366089	0.0462428	0.0414258	0.0741811	0.0876686	0.0732177	0.0809249	0.0915222	0.0876686	0.0905588	0.0963391	0.115607	0	0	0	0	0	
1988	709.564	199.074	151.616	345.162	0.0394737	0.0206767	0.0197368	0.0394737	0.0422932	0.0488722	0.075188	0.0817669	0.0704887	0.0855263	0.0921053	0.0845865	0.0930451	0.0949248	0.111842	0	0	0	0	0	
1988.1	726.876	211.615	169.604	352.897	0.037788	0.0175115	0.0239631	0.0451613	0.0368664	0.0534562	0.0857143	0.0654378	0.0774194	0.0866359	0.0967742	0.0792627	0.0921659	0.0995392	0.102304	0	0	0	0	0	
1988.2	791.541	197.798	169.184	329.843	0.0408348	0.0154265	0.0317604	0.0408348	0.0426497	0.0517241	0.0889292	0.0671506	0.0789474	0.0852995	0.0898367	0.0807623	0.100726	0.0889292	0.0961887	0	0	0	0	0	
1988.3	783.935	223.509	192.969	359.555	0.0384615	0.0143113	0.039356	0.039356	0.0411449	0.0617174	0.078712	0.0751342	0.0724508	0.0849732	0.088551	0.0840787	0.101968	0.0930233	0.0867621	0	0	0	0	0	
1988.4	770.527	227.11	210.691	358.356	0.0338542	0.0182292	0.0425347	0.0355903	0.0434028	0.0685764	0.0720486	0.0711806	0.0798611	0.0824653	0.0868056	0.0885417	0.09375	0.0920139	0.0911458	0	0	0	0	0	
1988.5	763.818	235.188	216.515	326.924	0.0329949	0.0211506	0.0448393	0.0329949	0.0482234	0.07022	0.0668359	0.0744501	0.0812183	0.0862944	0.0820643	0.0888325	0.0846024	0.0862944	0.0989848	0	0	0	0	0	
1988.6	743.762	243.444	209.933	304.21	0.0341667	0.0266667	0.04	0.0333333	0.0541667	0.0683333	0.0683333	0.0708333	0.0825	0.0875	0.0783333	0.0925	0.0833333	0.0891667	0.0908333	0	0	0	0	0	
1988.7	731.634	234.027	221.889	307.686	0.0299353	0.0307443	0.0355987	0.0404531	0.0582524	0.0598706	0.0647249	0.078479	0.0800971	0.0841424	0.0752427	0.0978964	0.078479	0.0889968	0.0970874	0	0	0	0	0	
1988.8	705.995	211.824	245.303	336.815	0.0299921	0.0363062	0.0307814	0.0465667	0.0520916	0.0599842	0.0765588	0.0710339	0.0789266	0.08603	0.0734017	0.0955012	0.0812944	0.0773481	0.104183	0	0	0	0	0	
1988.9	711.637	219.906	227.246	374.795	0.0317583	0.0395043	0.0340821	0.045701	0.0480248	0.0697134	0.0720372	0.0759101	0.074361	0.0859799	0.0735864	0.087529	0.0883036	0.0720372	0.101472	0	0	0	0	0	
1989	739.327	223.282	214.643	356.263	0.0381388	0.0350877	0.0366133	0.044241	0.0503432	0.0671243	0.0770404	0.0755149	0.0732265	0.0839054	0.0808543	0.078566	0.0869565	0.0793288	0.0930587	0	0	0	0	0	
1989.1	790.819	218.236	208.11	381.124	0.0372578	0.038003	0.038003	0.0469449	0.0447094	0.0737705	0.0663189	0.076006	0.0752608	0.0827124	0.0834575	0.0812221	0.071535	0.0923994	0.0923994	0	0	0	0	0	
1989.2	835.506	230.245	189.618	418.273	0.0406681	0.0355846	0.0384895	0.0493827	0.0479303	0.0711692	0.0675381	0.0762527	0.0755265	0.0777052	0.0864198	0.0784314	0.0718954	0.0907771	0.0922295	0	0	0	0	0	
1989.3	822.047	238.161	201.076	459.827	0.0440341	0.0383523	0.0369318	0.0447443	0.0553977	0.0660511	0.0710227	0.0724432	0.0752841	0.0802557	0.0802557	0.0724432	0.078125	0.0866477	0.0980114	0	0	0	0	0	
1989.4	808.498	241.775	206.551	415.973	0.047255	0.0361362	0.0375261	0.0416956	0.0611536	0.0681028	0.0660181	0.0722724	0.0840862	0.0750521	0.0792217	0.0736623	0.0826963	0.0847811	0.0903405	0	0	0	0	0	
1989.5	800.659	258.214	211.939	406.289	0.0510204	0.0326531	0.0421769	0.0414966	0.0619048	0.0659864	0.0693878	0.0659864	0.0870748	0.0714286	0.0823129	0.0707483	0.0891156	0.077551	0.0911565	0	0	0	0	0	
1989.6	856.908	253.441	228.9	392.499	0.0537135	0.0311671	0.0391247	0.0431034	0.0636605	0.0643236	0.0683024	0.0762599	0.0775862	0.0749337	0.0722812	0.0769231	0.08687	0.0702918	0.101459	0	0	0	0	0	
1989.7	818.905	248.325	251.521	412.347	0.0519481	0.0311688	0.0396104	0.0480519	0.0649351	0.061039	0.0694805	0.0727273	0.0772727	0.074026	0.0792208	0.0720779	0.0818182	0.075974	0.100649	0	0	0	0	0	
1989.8	816.565	247.626	274.132	386.032	0.0534351	0.0318066	0.0407125	0.0489822	0.0655216	0.0559796	0.0756997	0.0712468	0.0776081	0.0744275	0.0706107	0.0795165	0.0776081	0.0795165	0.0973282	0	0	0	0	0	
1989.9	849.825	217.662	256.112	372.362	0.0514888	0.0384615	0.0390819	0.0508685	0.0620347	0.0595533	0.0725806	0.0700993	0.0806452	0.0719603	0.0620347	0.0794045	0.0818859	0.0787841	0.101117	0	0	0	0	0	
1990	836.917	216.967	267.349	346.265	0.051756	0.0394331	0.0406654	0.0542206	0.0609982	0.0628466	0.0696242	0.0714726	0.0813309	0.0653112	0.073321	0.0807147	0.0745533	0.0807147	0.0930376	0	0	0	0	0	
1990.1	828.793	220.41	260.809	403.258	0.0503947	0.0431087	0.0400729	0.0558591	0.0625379	0.0631451	0.0661809	0.0771099	0.0758956	0.0710383	0.0692168	0.0843959	0.0686096	0.08136	0.0910747	0	0	0	0	0	
1990.2	833.526	219.709	237.323	410.592	0.052127	0.0425404	0.0431396	0.0545237	0.059317	0.0689035	0.0677052	0.0826842	0.0689035	0.0683044	0.070701	0.0826842	0.0754943	0.0844817	0.0784901	0	0	0	0	0	
1990.3	853.813	215.099	224.991	392.692	0.0528169	0.0399061	0.0492958	0.05223	0.060446	0.0715962	0.068662	0.0751174	0.0710094	0.0692488	0.0733568	0.0745305	0.0745305	0.0868545	0.0803991	0	0	0	0	0	
1990.4	862.466	222.409	206.992	404.017	0.0530565	0.0403691	0.050173	0.0513264	0.0628604	0.0749712	0.0680507	0.0767013	0.0640138	0.0668973	0.0784314	0.0709343	0.0749712	0.0853518	0.0818916	0	0	0	0	0	
1990.5	889.118	225.804	212.241	414.948	0.0511945	0.0415245	0.0511945	0.0540387	0.0614334	0.0784983	0.0654152	0.0711035	0.0648464	0.0699659	0.0756542	0.0784983	0.0750853	0.076223	0.0853242	0	0	0	0	0	
1990.6	886.931	262.034	194.553	463.143	0.055618	0.0376404	0.0494382	0.0601124	0.0634831	0.0713483	0.0713483	0.0674157	0.0651685	0.0707865	0.0758427	0.0769663	0.0780899	0.0730337	0.0837079	0	0	0	0	0	
1990.7	873.338	269.475	216.907	461.686	0.054878	0.0404656	0.0460089	0.0609756	0.0676275	0.0681818	0.0703991	0.0692905	0.0654102	0.0742794	0.0759424	0.0698448	0.0803769	0.0776053	0.078714	0	0	0	0	0	
1990.8	848.519	260.648	233.485	452.054	0.0538629	0.0429815	0.0484222	0.0603917	0.0663765	0.0718172	0.0663765	0.0680087	0.0658324	0.0734494	0.0734494	0.0712731	0.0772579	0.0745375	0.085963	0	0	0	0	0	
1990.9	892.35	264.032	261.453	459.126	0.0554667	0.0426667	0.0496	0.0656	0.0661333	0.0656	0.0688	0.064	0.0682667	0.0672	0.0784	0.0752	0.0741333	0.0709333	0.088	0	0	0	0	0	
1991	867.888	291.726	277.951	534.727	0.055409	0.0453826	0.0511873	0.0664908	0.0670185	0.0601583	0.0701847	0.0633245	0.0701847	0.0686016	0.0754617	0.0744063	0.0738786	0.0781003	0.0802111	0	0	0	0	0	
1991.1	910.479	274.734	277.102	517.057	0.0574113	0.0469729	0.0548017	0.0626305	0.0673278	0.0621086	0.0683716	0.0647182	0.0720251	0.0699374	0.0751566	0.0709812	0.0756785	0.07881	0.0730689	0	0	0	0	0	
1991.2	931.572	297.981	287.94	523.626	0.0586722	0.0473495	0.0571282	0.0638188	0.0699949	0.0607308	0.0643335	0.0669068	0.0730829	0.0699949	0.0751415	0.0730829	0.0756562	0.0710242	0.0730829	0	0	0	0	0	
1991.3	990.768	273.018	275.839	493.926	0.0591806	0.047041	0.0627213	0.0612038	0.0687911	0.0632271	0.0612038	0.066262	0.0713202	0.0657562	0.0809307	0.0738493	0.0763784	0.0733434	0.0687911	0	0	0	0	0	
1991.4	988.153	280.135	263.882	536.605	0.0612855	0.0498256	0.064275	0.060289	0.0682611	0.0597907	0.0667663	0.0652715	0.0607872	0.0762332	0.077728	0.0737419	0.0772297	0.0667663	0.0717489	0	0	0	0	0	
1991.5	964.558	299.368	280.395	535.105	0.0609037	0.0520629	0.0618861	0.064833	0.0623772	0.0633595	0.0643418	0.0667976	0.0609037	0.0795678	0.0766208	0.0736739	0.0731827	0.0623772	0.077112	0	0	0	0	0	
1991.6	967.507	314.436	268.441	509.38	0.0599034	0.0560386	0.0637681	0.063285	0.0618357	0.0652174	0.0623188	0.0666667	0.0623188	0.0792271	0.0758454	0.068599	0.0772947	0.0623188	0.0753623	0	0	0	0	0	
1991.7	1016.08	313.471	295.891	444.519	0.0652174	0.055293	0.0604915	0.0647448	0.057656	0.0647448	0.0642722	0.063327	0.0689981	0.0770321	0.0732514	0.0666352	0.0775047	0.0619093	0.0789225	0	0	0	0	0	
1991.8	1014.49	301.064	301.003	471.136	0.0673212	0.057971	0.0607761	0.0584385	0.0603086	0.0654511	0.0649836	0.0626461	0.0743338	0.0762038	0.0696587	0.0705937	0.0705937	0.0687237	0.0719963	0	0	0	0	0	
1991.9	984.318	280.305	305.861	525.036	0.0657103	0.0583063	0.0610828	0.0657103	0.0569181	0.0643221	0.0661731	0.0652476	0.073577	0.0823693	0.0647848	0.0763535	0.0587691	0.0721888	0.0684868	0	0	0	0	0	
1992	947.946	314.889	343.7	574.545	0.0689342	0.0603175	0.0634921	0.0621315	0.0566893	0.0662132	0.0662132	0.062585	0.076644	0.0739229	0.0671202	0.0716553	0.0671202	0.0653061	0.0716553	0	0	0	0	0	
1992.1	1012.95	298.4	287.833	553.527	0.0687023	0.0633139	0.065559	0.065559	0.0538841	0.065559	0.0673552	0.0610687	0.0803772	0.0718455	0.0682533	0.0727436	0.0637629	0.064661	0.0673552	0	0	0	0	0	
1992.2	1044.43	289.707	309.461	583.202	0.0714603	0.0616955	0.066134	0.0621394	0.0554816	0.066134	0.0674656	0.0710164	0.0754549	0.0710164	0.0683533	0.0683533	0.066134	0.0625832	0.0665779	0	0	0	0	0	
1992.3	1053.68	284.815	330.998	612.702	0.0762823	0.0622534	0.0657606	0.0591846	0.0604998	0.0644454	0.0644454	0.0714599	0.0775975	0.0718983	0.0657606	0.0675142	0.0666374	0.0613766	0.0648838	0	0	0	0	0	
1992.4	1091.03	287.751	297.553	685.017	0.0775227	0.0649632	0.0649632	0.054136	0.0671286	0.0662625	0.0627977	0.0727588	0.0770896	0.0675617	0.0649632	0.0666955	0.0697272	0.0580338	0.0653963	0	0	0	0	0	
1992.5	1100.41	329.7	291.609	683.174	0.0788346	0.0642674	0.0646958	0.0535561	0.0702656	0.0642674	0.0659811	0.0745501	0.0749786	0.0642674	0.0706941	0.0604113	0.0706941	0.0574122	0.0651243	0	0	0	0	0	
1992.6	1098.24	355.779	280.051	634.508	0.0805228	0.0645025	0.0636594	0.0573356	0.0687184	0.067032	0.0640809	0.0729342	0.0712479	0.0636594	0.0704047	0.0632378	0.0640809	0.0607083	0.0678752	0	0	0	0	0	
1992.7	1173.7	335.441	307.135	586.476	0.082015	0.0695254	0.0566195	0.0595337	0.070358	0.0695254	0.0616153	0.0761865	0.0670275	0.0670275	0.0661948	0.0674438	0.0591174	0.05995	0.0678601	0	0	0	0	0	
1992.8	1149.55	334.837	344.865	573.445	0.0860082	0.0695473	0.0563786	0.0625514	0.0703704	0.0641975	0.0683128	0.0757202	0.0592593	0.0703704	0.0666667	0.0674897	0.0600823	0.0572016	0.0658436	0	0	0	0	0	
1992.9	1110.2	330.273	339.076	548.609	0.0869388	0.0714286	0.0542857	0.0636735	0.0718367	0.0628571	0.0681633	0.0738776	0.0612245	0.0722449	0.0612245	0.075102	0.0571429	0.0579592	0.0620408	0	0	0	0	0	
1993	1124.95	310.406	360.419	535.863	0.0883647	0.067573	0.0595762	0.0627749	0.0695722	0.0595762	0.0723711	0.0731707	0.0615754	0.0695722	0.0651739	0.0663735	0.059976	0.0563774	0.0679728	0	0	0	0	0	
1993.1	1074.98	313.242	343.774	461.814	0.0927835	0.0650278	0.0590801	0.0685964	0.0634417	0.0638382	0.072958	0.0674068	0.0654243	0.0709754	0.0622522	0.0638382	0.0622522	0.0578906	0.0642347	0	0	0	0	0	
1993.2	1089.74	281.861	337.819	452.899	0.0988623	0.0608082	0.0596312	0.0710082	0.0612005	0.0682621	0.069439	0.0619851	0.0741467	0.063162	0.0663005	0.0604158	0.0604158	0.0576697	0.0666928	0	0	0	0	0	
1993.3	1093.82	242.99	315.629	493.252	0.0977502	0.0628394	0.0608999	0.0709853	0.0620636	0.0674942	0.0674942	0.0632273	0.0760279	0.0620636	0.0667184	0.0612878	0.0585725	0.0570209	0.0655547	0	0	0	0	0	
1993.4	1060.53	245.914	304.563	529.956	0.0984297	0.0608962	0.0643432	0.0727691	0.0578322	0.0716201	0.0670241	0.0616622	0.076982	0.0589812	0.0712371	0.0624282	0.0547683	0.0536193	0.0674071	0	0	0	0	0	
1993.5	1096.1	271.513	260.459	607.71	0.102234	0.061719	0.0673987	0.0677774	0.0624763	0.0692919	0.068156	0.0594472	0.0761075	0.062855	0.068156	0.062855	0.0496024	0.0594472	0.0624763	0	0	0	0	0	
1993.6	1148.8	289.51	243.85	621.069	0.102217	0.0620068	0.0698985	0.0691469	0.0623826	0.0683953	0.0668921	0.0665163	0.0698985	0.0642616	0.0661405	0.0590004	0.0563698	0.0582488	0.0586246	0	0	0	0	0	
1993.7	1184.42	337.39	275.825	652.898	0.104758	0.0616009	0.072298	0.066765	0.0608632	0.0686094	0.0678716	0.066765	0.0663962	0.0671339	0.0630764	0.0549613	0.0542235	0.0616009	0.0630764	0	0	0	0	0	
1993.8	1264.25	351.202	307.958	699.785	0.103348	0.0629549	0.0713246	0.06623	0.0636827	0.0687773	0.0665939	0.069869	0.0640466	0.0669578	0.0618632	0.0516739	0.0571325	0.0571325	0.0684134	0	0	0	0	0	
1993.9	1251.62	387.64	334.484	742.687	0.100358	0.0648746	0.0716846	0.0648746	0.0648746	0.0684588	0.0645161	0.0727599	0.0605735	0.0645161	0.0648746	0.0498208	0.0594982	0.0548387	0.0734767	0	0	0	0	0	
1994	1228.71	424.071	350.291	763.006	0.103974	0.0638751	0.0720369	0.0660043	0.0681334	0.0631654	0.0645848	0.071682	0.0635202	0.0645848	0.0592619	0.0507452	0.0624556	0.0525195	0.0734564	0	0	0	0	0	
1994.1	1249.73	445.336	393.234	772	0.103581	0.0688202	0.0691713	0.0660112	0.0733848	0.0575843	0.0628511	0.0733848	0.0635534	0.0628511	0.0575843	0.0572331	0.0561798	0.0551264	0.0726826	0	0	0	0	0	
1994.2	1301.99	444.273	435.788	707.067	0.102618	0.0715532	0.0677138	0.0659686	0.0705061	0.0631763	0.0635253	0.0705061	0.0645724	0.0621291	0.0551483	0.0593368	0.0537522	0.0621291	0.0673647	0	0	0	0	0	
1994.3	1317.13	472.56	456.965	720.121	0.103007	0.0712064	0.071552	0.0646388	0.0687867	0.0663671	0.0597995	0.0708607	0.0667128	0.0615278	0.0549602	0.0553059	0.0553059	0.0622191	0.0677497	0	0	0	0	0	
1994.4	1348.59	482.107	456.695	699.757	0.104595	0.0720165	0.0709877	0.0685871	0.0631001	0.0672154	0.0634431	0.0706447	0.063786	0.0606996	0.0538409	0.0555556	0.0572702	0.0606996	0.0675583	0	0	0	0	0	
1994.5	1337.49	455.352	478.058	708.559	0.106231	0.0715015	0.0776302	0.0629894	0.0653728	0.0643514	0.071161	0.0646919	0.0609465	0.062649	0.0537964	0.0537964	0.0616275	0.0599251	0.0633299	0	0	0	0	0	
1994.6	1313.32	428.661	482.444	699.203	0.104588	0.0765857	0.0745614	0.0647773	0.0617409	0.067139	0.0725371	0.062753	0.0637652	0.0580297	0.0546559	0.0597166	0.0570175	0.0573549	0.0647773	0	0	0	0	0	
1994.7	1278.96	434.699	503.023	719.361	0.102315	0.0825226	0.0714525	0.0657497	0.0634015	0.0650788	0.0734653	0.0623952	0.0660852	0.0566924	0.0530023	0.0607179	0.0553506	0.0627306	0.0590406	0	0	0	0	0	
1994.8	1319.66	473.132	475.504	702.743	0.104736	0.0820547	0.0707138	0.0667111	0.0613742	0.0703803	0.0727151	0.0607071	0.0610407	0.0597065	0.0517011	0.0593729	0.0593729	0.0607071	0.0587058	0	0	0	0	0	
1994.9	1376.88	500.88	442.95	700.832	0.10732	0.0818152	0.0708844	0.0642597	0.0665783	0.0682345	0.074528	0.0599536	0.0586287	0.0586287	0.05631	0.0586287	0.0602849	0.0602849	0.0536602	0	0	0	0	0	
1995	1444.49	470.601	447.737	709.903	0.10793	0.0835801	0.0700888	0.0658111	0.0681145	0.0687726	0.0730503	0.0598881	0.0569266	0.0602172	0.0552813	0.0628496	0.0546232	0.05923	0.0536361	0	0	0	0	0	
1995.1	1363.15	425.991	527.157	725.86	0.109293	0.0840969	0.0693717	0.065445	0.0716623	0.0683901	0.0706806	0.0598822	0.0592277	0.0572644	0.0543194	0.0608639	0.0572644	0.0579188	0.0543194	0	0	0	0	0	
1995.2	1313.41	450.181	521.11	727.357	0.11187	0.0822764	0.0695935	0.0673171	0.0705691	0.0692683	0.0676423	0.064065	0.057561	0.0556098	0.0572358	0.0578862	0.0601626	0.0530081	0.055935	0	0	0	0	0	
1995.3	1326.89	463.612	498.912	735.914	0.111829	0.0843568	0.0678733	0.0662573	0.0717518	0.0727214	0.062702	0.0639948	0.0597931	0.0542986	0.0614092	0.0552683	0.0588235	0.0523594	0.0565611	0	0	0	0	0	
1995.4	1331.56	455.115	498.674	655.078	0.114304	0.0820149	0.0707136	0.0661931	0.075557	0.0716823	0.0607039	0.0636099	0.057475	0.0577979	0.0581208	0.0577979	0.0587665	0.0497255	0.0555376	0	0	0	0	0	
1995.5	1357.15	396.382	540.741	649.562	0.119101	0.0799358	0.0725522	0.0654896	0.0738363	0.0735152	0.058427	0.0642055	0.0603531	0.0568218	0.0568218	0.0581059	0.0561798	0.0500803	0.0545746	0	0	0	0	0	
1995.6	1355.64	359.445	534.844	668.97	0.124198	0.0792683	0.0702824	0.0689987	0.0725289	0.0715661	0.0574454	0.0657895	0.0580873	0.0571245	0.0577664	0.0568036	0.0571245	0.0539153	0.0491014	0	0	0	0	0	
1995.7	1317.25	369.013	460.244	663.511	0.126598	0.0815217	0.0671355	0.0709719	0.07289	0.0693734	0.0594629	0.0623402	0.0591432	0.0569054	0.0556266	0.0613811	0.0553069	0.0505115	0.0508312	0	0	0	0	0	
1995.8	1295.82	371.723	407.257	682.833	0.129506	0.0803828	0.0663477	0.0682616	0.077512	0.0679426	0.0580542	0.0631579	0.0596491	0.0561404	0.0606061	0.0548644	0.0548644	0.0519936	0.0507177	0	0	0	0	0	
1995.9	1336.01	398.443	385.489	645.853	0.130862	0.081749	0.0643219	0.0716096	0.0750951	0.0671736	0.0624208	0.0621039	0.0532319	0.0583016	0.0614702	0.0551331	0.0529151	0.0522814	0.0513308	0	0	0	0	0	
1996	1341.08	397.397	417.107	679.2	0.132721	0.0798226	0.0674691	0.072854	0.0747545	0.0620843	0.0668356	0.0617675	0.0544821	0.0563826	0.0614507	0.0557491	0.0551156	0.0490972	0.049414	0	0	0	0	0	
1996.1	1387.86	413.583	411.609	747.025	0.13505	0.0766332	0.0703518	0.0747487	0.0728643	0.0615578	0.0681533	0.0599874	0.0549623	0.0552764	0.0584171	0.0606156	0.0524497	0.0483668	0.0505653	0	0	0	0	0	
1996.2	1313.57	433.473	453.682	776.683	0.136264	0.0763954	0.0717181	0.0788899	0.0679763	0.0589336	0.070159	0.0573745	0.0576863	0.0570627	0.0567509	0.0576863	0.0533209	0.04459	0.0551918	0	0	0	0	0	
1996.3	1390.94	435.994	447.84	781.441	0.138562	0.0756355	0.0737756	0.0815251	0.0647861	0.0616863	0.0675759	0.0561066	0.0585865	0.0570366	0.0557967	0.0561066	0.0530068	0.0433974	0.0564166	0	0	0	0	0	
1996.4	1442.64	472.689	479.124	838.086	0.138209	0.0746824	0.0796405	0.078401	0.0638364	0.0638364	0.0672451	0.0573288	0.0563991	0.0582584	0.0576387	0.0557794	0.0489619	0.0477223	0.0520607	0	0	0	0	0	
1996.5	1436.09	502.826	526.039	842.621	0.138357	0.0750463	0.0836936	0.0781347	0.0614577	0.0630019	0.0642372	0.0577517	0.0580605	0.0574429	0.058987	0.055281	0.0487956	0.0487956	0.0509574	0	0	0	0	0	
1996.6	1444.78	524.989	514.868	860.856	0.139248	0.0760937	0.0834874	0.0797905	0.060382	0.0665434	0.0634627	0.0548367	0.0609982	0.0551448	0.0585336	0.0557609	0.0492914	0.0492914	0.0471349	0	0	0	0	0	
1996.7	1453.46	530.77	592.927	820.424	0.141985	0.079084	0.0815267	0.0772519	0.0644275	0.0638168	0.059542	0.0583206	0.0577099	0.059542	0.058626	0.0516031	0.0485496	0.0509924	0.0470229	0	0	0	0	0	
1996.8	1448.89	546.296	572.209	791.014	0.1419	0.0806943	0.0822168	0.0746041	0.066078	0.0639464	0.0615104	0.0575518	0.0560292	0.0581608	0.0593788	0.0511571	0.0508526	0.0465895	0.0493301	0	0	0	0	0	
1996.9	1390.71	555.181	655.996	761.027	0.141507	0.083867	0.0832571	0.0701433	0.0673986	0.0649588	0.0606892	0.0616041	0.0536749	0.0612992	0.0551998	0.052455	0.0515401	0.0439158	0.0484904	0	0	0	0	0	
1997	1431.64	584.723	634.538	775.933	0.143889	0.0815774	0.090307	0.063516	0.0662252	0.0677303	0.0608067	0.0568934	0.0544852	0.0599037	0.0559904	0.0502709	0.051776	0.0430464	0.0535822	0	0	0	0	0	
1997.1	1370.51	528.746	661.626	743.071	0.142127	0.0868389	0.0871394	0.0615986	0.0676082	0.0697115	0.0567909	0.0591947	0.0546875	0.0606971	0.0573918	0.0495793	0.0504808	0.0435697	0.0525841	0	0	0	0	0	
1997.2	1336.28	554.25	689.184	744.295	0.145079	0.087945	0.0831588	0.0640144	0.0649118	0.0726892	0.0514508	0.0589291	0.0562369	0.0619204	0.0568352	0.0508525	0.0478612	0.0421777	0.0559378	0	0	0	0	0	
1997.3	1348.22	508.333	653.044	765.881	0.144517	0.0923719	0.0801549	0.0643623	0.0667461	0.0670441	0.056317	0.0560191	0.0598927	0.0592968	0.056615	0.0524434	0.044994	0.0420143	0.057211	0	0	0	0	0	
1997.4	1428.72	527.302	611.556	760.184	0.145957	0.0942331	0.0763971	0.068371	0.0668847	0.063912	0.0597503	0.0555886	0.0612366	0.0573722	0.0579667	0.0472652	0.0445898	0.0457788	0.0546968	0	0	0	0	0	
1997.5	1358.28	512.14	591.935	758.229	0.148609	0.0959147	0.0740083	0.0680876	0.0651273	0.0654233	0.0595027	0.0562463	0.0600947	0.0577265	0.0544701	0.0523979	0.0399645	0.0476613	0.0547661	0	0	0	0	0	
1997.6	1439.92	510.692	592.906	742.647	0.155188	0.0904523	0.0756725	0.0685782	0.0632575	0.0623707	0.0597103	0.0576411	0.0591191	0.0620751	0.0490689	0.054094	0.0396098	0.0502513	0.0529116	0	0	0	0	0	
1997.7	1405.09	492.58	572.641	760.734	0.156776	0.088574	0.0744021	0.0702687	0.0664305	0.0590493	0.0608208	0.0549159	0.0625923	0.063478	0.0469442	0.0513729	0.0416298	0.0516681	0.0510776	0	0	0	0	0	
1997.8	1407.33	515.02	573.553	751.985	0.156627	0.0875698	0.0731707	0.0714076	0.0649427	0.0611225	0.0596532	0.0573024	0.062298	0.0599471	0.0452542	0.0508375	0.0446665	0.0511314	0.0540699	0	0	0	0	0	
1997.9	1365.79	476.786	584.578	729.883	0.156598	0.0882698	0.0741935	0.0709677	0.0642229	0.0648094	0.0539589	0.0592375	0.0621701	0.0571848	0.0519062	0.0439883	0.0480938	0.0521994	0.0521994	0	0	0	0	0	
1998	1400.28	501.866	622.937	714.651	0.156479	0.0889149	0.0757531	0.0672711	0.0666862	0.0620064	0.0529395	0.0622989	0.0646388	0.0532319	0.0546944	0.0397777	0.052062	0.0485522	0.0546944	0	0	0	0	0	
1998.1	1435.36	470.813	581.613	712.711	0.158661	0.0896652	0.0751092	0.0655022	0.069869	0.0561863	0.0556041	0.0684134	0.0596798	0.050655	0.0544396	0.0401747	0.0532751	0.0462882	0.0564774	0	0	0	0	0	
1998.2	1388.74	485.743	585.293	727.143	0.161599	0.0889082	0.0741384	0.0695048	0.0645815	0.0596583	0.0527078	0.0692152	0.0587895	0.0527078	0.050391	0.0463365	0.051839	0.0425717	0.0570518	0	0	0	0	0	
1998.3	1359.97	451.662	589.673	774.552	0.160936	0.0895695	0.0762785	0.0690552	0.0644322	0.0592314	0.0574978	0.0650101	0.0598093	0.0511413	0.0488298	0.0476741	0.0499856	0.0447847	0.0557642	0	0	0	0	0	
1998.4	1410.24	460.323	530.166	742.986	0.163218	0.0856322	0.0755747	0.0686782	0.066954	0.0574713	0.0617816	0.062931	0.0586207	0.0502874	0.0488506	0.0456897	0.0502874	0.0482759	0.0557471	0	0	0	0	0	
1998.5	1411.21	449.399	560.254	757.35	0.163184	0.0890352	0.0709991	0.0704266	0.0609791	0.063842	0.0629831	0.0589751	0.0561122	0.0532494	0.0463785	0.0515316	0.0472373	0.0486688	0.0563985	0	0	0	0	0	
1998.6	1492.77	458.018	516.932	771.741	0.165719	0.090108	0.0690733	0.0656623	0.0639568	0.0645253	0.0605458	0.0622513	0.0557135	0.0488914	0.0497442	0.0503127	0.0460489	0.0511654	0.056282	0	0	0	0	0	
1998.7	1478.01	436.896	525.984	776.238	0.164726	0.0928713	0.0698665	0.0653224	0.0667424	0.0599262	0.0610622	0.0636183	0.0536779	0.0514059	0.0499858	0.0485657	0.0445896	0.0497018	0.0579381	0	0	0	0	0	
1998.8	1517.62	442.486	525.127	777.653	0.16563	0.0887507	0.0720746	0.0633126	0.0706614	0.0537027	0.0624647	0.0678349	0.0497456	0.0539853	0.0483324	0.0474845	0.0474845	0.0491803	0.0593556	0	0	0	0	0	
1998.9	1494.18	418.248	466.604	758.964	0.16737	0.0872011	0.0739803	0.0630098	0.0683544	0.0537271	0.0683544	0.0601969	0.0500703	0.0559775	0.045007	0.0486639	0.0495077	0.0483826	0.0601969	0	0	0	0	0	
1999	1492.38	462.448	502.697	750.467	0.167413	0.0862262	0.0719485	0.0699888	0.0641097	0.0545913	0.0694289	0.0571109	0.0543113	0.0520717	0.0450728	0.0481523	0.0506719	0.0503919	0.0585106	0	0	0	0	0	
1999.1	1535.01	464.378	422.91	771.015	0.166853	0.0863611	0.0707099	0.0709894	0.0645612	0.0550587	0.0687535	0.059251	0.0572946	0.0455562	0.0497485	0.0469536	0.0517049	0.0528228	0.0533818	0	0	0	0	0	
1999.2	1520.12	469.768	478.942	746.394	0.165832	0.0870896	0.0715081	0.0703951	0.0609349	0.0626043	0.065665	0.0550918	0.0578742	0.0445186	0.049527	0.0498052	0.0500835	0.0528659	0.0562048	0	0	0	0	0	
1999.3	1517.51	481.249	472.924	783.06	0.168287	0.0852541	0.0735907	0.0688698	0.057484	0.0663705	0.063038	0.0588725	0.0530408	0.0458206	0.05193	0.049153	0.0510969	0.0522077	0.0549847	0	0	0	0	0	
1999.4	1515.23	511.696	498.158	784.243	0.167501	0.0862549	0.074847	0.066778	0.0603784	0.0664997	0.0626043	0.0573178	0.0525876	0.0503617	0.0503617	0.0486923	0.0503617	0.0514747	0.0539789	0	0	0	0	0	
1999.5	1518.21	545.601	507.798	778.774	0.167969	0.0853795	0.0739397	0.0658482	0.0625	0.0689174	0.0633371	0.0563616	0.0485491	0.0532924	0.0485491	0.0502232	0.0530134	0.0516183	0.0505022	0	0	0	0	0	
1999.6	1611.32	538.076	526.778	830.953	0.168893	0.0859766	0.0709516	0.0673344	0.0623261	0.0698386	0.0653868	0.0528659	0.0473011	0.05064	0.0537006	0.0500835	0.0528659	0.0528659	0.0489705	0	0	0	0	0	
1999.7	1583.78	514.502	608.749	847.826	0.167407	0.0846752	0.0713493	0.070794	0.0602443	0.0724597	0.0655192	0.0519156	0.0491394	0.0510827	0.0510827	0.0508051	0.0519156	0.0521932	0.049417	0	0	0	0	0	
1999.8	1502.6	525.783	648.382	861.539	0.164403	0.0853895	0.0709731	0.0715276	0.0626559	0.0723593	0.0607153	0.0523981	0.049903	0.0537843	0.0518436	0.0490713	0.0526754	0.0515664	0.0507347	0	0	0	0	0	
1999.9	1542.1	537.306	627.12	865.801	0.16217	0.0831711	0.07121	0.0717663	0.0684284	0.0684284	0.0611961	0.0511822	0.0517385	0.052573	0.0528512	0.0503477	0.0550765	0.0478442	0.0520167	0	0	0	0	0	
2000	1564.02	567.17	630.737	853.885	0.162462	0.0840033	0.0726365	0.0740227	0.0690324	0.0643194	0.060438	0.0521209	0.0507347	0.0571112	0.0485168	0.0537843	0.0490713	0.0507347	0.0510119	0	0	0	0	0	
2000.1	1545.39	556.031	675.468	842.166	0.165976	0.084507	0.0770505	0.0682132	0.0690417	0.0640707	0.0582712	0.0544049	0.0524717	0.0552334	0.048053	0.0549572	0.0475007	0.0516432	0.0486054	0	0	0	0	0	
2000.2	1536.89	538.984	663.773	880.983	0.166438	0.0856907	0.0758034	0.0667399	0.0703104	0.065092	0.0565779	0.0571272	0.0516342	0.0546553	0.0461412	0.0543807	0.0538314	0.0461412	0.049437	0	0	0	0	0	
2000.3	1529.13	562.796	728.885	856.893	0.167532	0.0847226	0.0762503	0.0710577	0.0672315	0.0644985	0.05302	0.0582126	0.0535665	0.05302	0.0491938	0.0527467	0.0532932	0.0470074	0.0486472	0	0	0	0	0	
2000.4	1451.12	561.8	712.831	820.498	0.16612	0.0887978	0.0751366	0.0685792	0.0669399	0.0647541	0.0592896	0.0494536	0.0576503	0.0532787	0.0513661	0.0519126	0.0527322	0.0445355	0.0494536	0	0	0	0	0	
2000.5	1462.3	554.268	705.763	809.23	0.168902	0.0865042	0.0739119	0.0728169	0.0646044	0.0651519	0.0604982	0.0506433	0.0602245	0.0476321	0.053107	0.0533808	0.0509171	0.0448946	0.0468108	0	0	0	0	0	
2000.6	1425.31	571.621	710.119	801.225	0.166895	0.0896136	0.0753631	0.0701562	0.0685119	0.0624829	0.0589203	0.0556317	0.05755	0.0474102	0.0528912	0.0539874	0.0490545	0.0446698	0.0468622	0	0	0	0	0	
2000.7	1417.65	557.527	663.258	821.089	0.168083	0.0896627	0.0743077	0.0726625	0.0707431	0.0619687	0.0578558	0.052646	0.056759	0.0471621	0.0578558	0.0537428	0.0452427	0.0468879	0.0444201	0	0	0	0	0	
2000.8	1487.03	549.908	647.413	846.79	0.167032	0.0902359	0.0767965	0.0704882	0.0721338	0.0644542	0.0554032	0.0496434	0.059243	0.0485464	0.0584202	0.0507405	0.047175	0.0460779	0.0436094	0	0	0	0	0	
2000.9	1449.13	588.568	626.105	829.346	0.165935	0.0894131	0.0784421	0.0732309	0.0671969	0.0658256	0.0545804	0.0559517	0.0565003	0.0496434	0.056226	0.0474493	0.0507405	0.0455293	0.0433352	0	0	0	0	0	
2001	1466.96	602.462	635.177	802.897	0.165296	0.0923794	0.080318	0.0734649	0.0655154	0.066886	0.0507127	0.0589364	0.0567434	0.0545504	0.0523575	0.0482456	0.0501645	0.0433114	0.0411184	0	0	0	0	0	
2001.1	1478.35	635	663.75	825.48	0.16644	0.090291	0.0815883	0.0712537	0.0649986	0.0677182	0.0473212	0.0644547	0.0505847	0.0546641	0.0533043	0.0494969	0.0459614	0.0440577	0.0478651	0	0	0	0	0	
2001.2	1427.06	630.758	683.383	811.149	0.168662	0.0911317	0.0807943	0.0696409	0.0661045	0.0661045	0.0508705	0.0644723	0.0508705	0.0538629	0.0514146	0.0489663	0.0505985	0.039445	0.047062	0	0	0	0	0	
2001.3	1380.11	608.124	762.822	809.432	0.169837	0.0907609	0.0817935	0.069837	0.0692935	0.0622283	0.0546196	0.0616848	0.0529891	0.0527174	0.051087	0.0524457	0.0442935	0.0394022	0.0470109	0	0	0	0	0	
2001.4	1352.71	585.374	776.553	783.071	0.169524	0.0897959	0.0808163	0.0721088	0.0680272	0.0617687	0.0544218	0.0647619	0.0508844	0.052517	0.0530612	0.0495238	0.0465306	0.0372789	0.0489796	0	0	0	0	0	
2001.5	1367.53	596.132	721.334	799.63	0.17202	0.0879151	0.0808383	0.0737616	0.0696788	0.0571584	0.0587915	0.0628743	0.0492651	0.0544366	0.0533478	0.0495373	0.0430049	0.0400109	0.0473598	0	0	0	0	0	
2001.6	1356.49	576.354	680.749	794.628	0.171335	0.0881153	0.0799565	0.0758771	0.0663584	0.0546641	0.0639108	0.0603753	0.0505847	0.0530324	0.0543922	0.0497688	0.041882	0.0402502	0.0494969	0	0	0	0	0	
2001.7	1399.44	544.729	659.736	789.667	0.174302	0.0870155	0.0802385	0.0753592	0.067498	0.0506912	0.0721063	0.0561128	0.0482516	0.0547574	0.0504202	0.0501491	0.0406614	0.04283	0.0496069	0	0	0	0	0	
2001.8	1412.39	528.273	653.79	782.125	0.171646	0.0893536	0.0812059	0.0714286	0.0687127	0.0545899	0.0719718	0.051874	0.0502444	0.056491	0.0461706	0.0507876	0.0423683	0.0431831	0.0499728	0	0	0	0	0	
2001.9	1403.96	530.155	642.238	756.065	0.174137	0.0901929	0.0801413	0.0709046	0.0695463	0.0597664	0.069818	0.0497148	0.0518881	0.0551481	0.0491714	0.0467264	0.0423798	0.0426515	0.0478131	0	0	0	0	0	
2002	1430.91	556.001	611.119	778.39	0.171181	0.0931744	0.0834236	0.0674431	0.0698808	0.062026	0.0671723	0.0455038	0.0539003	0.056338	0.0503792	0.0438787	0.0430661	0.0446912	0.0479415	0	0	0	0	0	
2002.1	1437.99	548.909	649.576	770.515	0.172526	0.0941049	0.0843699	0.0665224	0.0673337	0.0654408	0.0646295	0.0484045	0.053272	0.055165	0.0516495	0.0400216	0.0462412	0.0427258	0.0475933	0	0	0	0	0	
2002.2	1376.17	505.805	648.483	757.014	0.173819	0.0982456	0.0785425	0.0674764	0.0682861	0.065587	0.0623482	0.045614	0.0582996	0.0499325	0.0502024	0.0437247	0.0434548	0.0437247	0.0507422	0	0	0	0	0	
2002.3	1344.21	462.923	667.161	755.1	0.175931	0.0963303	0.08068	0.0639504	0.0717755	0.0647598	0.0590934	0.0447922	0.0593632	0.0509984	0.0469509	0.0472207	0.0429034	0.0410146	0.0542364	0	0	0	0	0	
2002.4	1439.84	482.576	626.233	777.32	0.173609	0.0964794	0.0825047	0.0666488	0.0722924	0.0612739	0.0545552	0.0502553	0.0556302	0.051599	0.0464929	0.0472991	0.0446117	0.0413867	0.0553615	0	0	0	0	0	
2002.5	1461.97	499.091	575.929	817.074	0.17333	0.0971291	0.0802254	0.0673464	0.0719077	0.0641266	0.0493695	0.0576871	0.0536625	0.047223	0.0512477	0.0453448	0.0423933	0.0442715	0.0547357	0	0	0	0	0	
2002.6	1474.64	515.59	540.7	856.817	0.170372	0.0977766	0.0792928	0.0747388	0.0677739	0.062952	0.0482186	0.0573265	0.0554514	0.0487544	0.049558	0.0471471	0.0396464	0.0487544	0.0522368	0	0	0	0	0	
2002.7	1471.89	502.432	554.411	834.055	0.172985	0.0971703	0.0766151	0.0766151	0.0667379	0.0638014	0.0504538	0.054725	0.054725	0.0512547	0.0491191	0.0451148	0.0411105	0.0504538	0.0491191	0	0	0	0	0	
2002.8	1488.23	498.463	582.562	790.749	0.176346	0.097852	0.0737205	0.0792893	0.0644391	0.0639088	0.0490586	0.055423	0.0533015	0.0509149	0.0479979	0.043755	0.0442853	0.049589	0.0501193	0	0	0	0	0	
2002.9	1520.11	526.909	606.09	794.796	0.179995	0.0965954	0.074162	0.0786487	0.0596463	0.0667722	0.0482977	0.0548958	0.0567432	0.0488255	0.0475059	0.0424914	0.0461863	0.0493534	0.0498812	0	0	0	0	0	
2003	1496.1	552.467	618.908	781.427	0.18141	0.0942699	0.0757856	0.0794824	0.0565091	0.0662794	0.0522841	0.0567732	0.0522841	0.0504357	0.0464748	0.0438342	0.0448904	0.0496435	0.0496435	0	0	0	0	0	
2003.1	1450.83	533.68	637.78	765.008	0.185537	0.0923727	0.074162	0.0754817	0.0612299	0.0628134	0.0530483	0.0562154	0.050673	0.0514648	0.0490895	0.043811	0.0453946	0.047242	0.0514648	0	0	0	0	0	
2003.2	1462.02	514.848	684.865	733.995	0.185918	0.0930907	0.0756857	0.0741034	0.0619726	0.0611814	0.0511603	0.0614451	0.0479958	0.0527426	0.0485232	0.0435127	0.0456224	0.0479958	0.0490506	0	0	0	0	0	
2003.3	1441.47	478.706	669.773	723.638	0.186181	0.0925633	0.0759494	0.0756857	0.0638186	0.0566983	0.0564346	0.0582806	0.0490506	0.0543249	0.0456224	0.0416667	0.0501055	0.0448312	0.0487869	0	0	0	0	0	
2003.4	1438.74	474.626	649.13	701.879	0.183814	0.0933615	0.0774927	0.0761703	0.0669135	0.053425	0.0571277	0.0587146	0.0510447	0.0494578	0.0462841	0.0439037	0.0505157	0.0433748	0.0483999	0	0	0	0	0	
2003.5	1446.68	473.678	624.153	723.452	0.184785	0.0958147	0.0763359	0.0768623	0.0644907	0.0536983	0.0560674	0.0586997	0.0502764	0.0492235	0.0455383	0.0452751	0.0497499	0.042906	0.0502764	0	0	0	0	0	
2003.6	1454.6	449.412	575.074	704.272	0.183646	0.0942048	0.0809738	0.0714475	0.0666843	0.0537179	0.0595396	0.0553056	0.0526594	0.0484255	0.0452501	0.0486901	0.0455147	0.0436623	0.0502779	0	0	0	0	0	
2003.7	1392.11	448.305	594.548	720.113	0.184774	0.0962199	0.0793021	0.0684642	0.0684642	0.0531324	0.0618557	0.0541898	0.0539255	0.0470526	0.0449379	0.0486386	0.0465239	0.0401798	0.0523394	0	0	0	0	0	
2003.8	1399.01	438.635	574.075	692.613	0.186854	0.0922343	0.0787172	0.0683806	0.0728863	0.0543334	0.0612245	0.0503578	0.0572489	0.0461171	0.0439968	0.0487676	0.0447919	0.0458521	0.0482375	0	0	0	0	0	
2003.9	1418.06	414.605	543.191	676.434	0.187797	0.0913893	0.0813524	0.0684099	0.0684099	0.0552034	0.0628632	0.050449	0.0538827	0.0478077	0.0435816	0.0493925	0.0435816	0.0470153	0.0488642	0	0	0	0	0	
2004	1441.06	422.355	542.8	683.472	0.187797	0.0929741	0.0810882	0.0676175	0.0673534	0.0546751	0.0607501	0.054411	0.0538827	0.0462229	0.0459588	0.048336	0.042261	0.0475436	0.0491284	0	0	0	0	0	
2004.1	1367.37	426.92	498.968	716.435	0.185918	0.0925633	0.0806962	0.0706751	0.0638186	0.0582806	0.0582806	0.0561709	0.0508966	0.0458861	0.0469409	0.0474684	0.0440401	0.0474684	0.0508966	0	0	0	0	0	
2004.2	1380.17	451.544	503.187	726.223	0.188223	0.0904311	0.0807045	0.0722923	0.0588854	0.0591483	0.0580967	0.0578339	0.0467928	0.0460042	0.0478444	0.0473186	0.0415352	0.0496845	0.055205	0	0	0	0	0	
2004.3	1435.75	464.883	478.583	733.288	0.186053	0.0905263	0.0794737	0.0715789	0.0623684	0.0586842	0.0557895	0.0563158	0.0507895	0.0431579	0.0518421	0.0452632	0.0431579	0.045	0.06	0	0	0	0	0	
2004.4	1440.91	472.327	496.207	740.192	0.186053	0.0863158	0.0828947	0.0713158	0.0563158	0.0605263	0.0542105	0.0576316	0.0481579	0.0510526	0.0471053	0.0436842	0.0460526	0.0476316	0.0610526	0	0	0	0	0	
2004.5	1430.62	457.334	538.865	792.609	0.183276	0.089929	0.0807257	0.0699448	0.0560084	0.0641599	0.0496976	0.0567973	0.0496976	0.0515383	0.0436498	0.0470681	0.0473311	0.0460163	0.0641599	0	0	0	0	0	
2004.6	1402.42	501.648	546.708	807.855	0.183102	0.0878891	0.080565	0.0672247	0.0583312	0.0627779	0.0544075	0.0515302	0.049176	0.0533612	0.0434214	0.0449908	0.0496992	0.0442061	0.0693173	0	0	0	0	0	
2004.7	1384.54	492.302	583.215	760.826	0.183625	0.0873659	0.0813497	0.0685326	0.054146	0.0606853	0.0585927	0.0507455	0.0499608	0.0502223	0.0470834	0.0465603	0.0486529	0.0465603	0.0659168	0	0	0	0	0	
2004.8	1421.87	482.713	578.226	736.392	0.1841	0.0870816	0.0802824	0.0661611	0.0559623	0.0583159	0.0601464	0.0520397	0.0504707	0.0486402	0.0473326	0.0455021	0.0483787	0.0475941	0.0679916	0	0	0	0	0	
2004.9	1421.33	498.149	615.909	748.99	0.185707	0.0847679	0.0795514	0.0672926	0.0565989	0.0581638	0.0560772	0.0547731	0.0529473	0.0464267	0.0432968	0.0500782	0.0477308	0.0469484	0.0696401	0	0	0	0	0	
2005	1389.68	491.483	576.669	761.403	0.185986	0.0841365	0.0791873	0.0653816	0.05913	0.0560042	0.0560042	0.0547017	0.0533993	0.0445428	0.0450638	0.0528784	0.0450638	0.0476687	0.0708518	0	0	0	0	0	
2005.1	1369.41	476.33	571.375	756.866	0.18763	0.0798539	0.0793319	0.0631524	0.0628914	0.0545407	0.059499	0.0542797	0.0521921	0.0435804	0.0495825	0.0487996	0.045929	0.04619	0.072547	0	0	0	0	0	
2005.2	1322.98	483.956	597.928	729.805	0.186228	0.0808555	0.0766823	0.0641628	0.0605112	0.0576421	0.0618153	0.0529473	0.0511215	0.0466875	0.0485133	0.0466875	0.0482525	0.0438185	0.0740741	0	0	0	0	0	
2005.3	1335.72	457.46	578.497	719.627	0.184115	0.0807292	0.0794271	0.0598958	0.0617188	0.0585938	0.0619792	0.0510417	0.0489583	0.0494792	0.0505208	0.0481771	0.0440104	0.046875	0.0744792	0	0	0	0	0	
2005.4	1357	467.649	582.242	754.032	0.178683	0.0838558	0.0775862	0.0600836	0.0621735	0.0624347	0.0613898	0.0512017	0.049373	0.045977	0.0522466	0.0491118	0.0457158	0.0480669	0.0721003	0	0	0	0	0	
2005.5	1362.36	480.254	529.026	743.657	0.176764	0.0857592	0.0776292	0.06032	0.061369	0.0626803	0.0597954	0.0529767	0.0485182	0.0469447	0.0511408	0.0466824	0.0487805	0.0490427	0.0715972	0	0	0	0	0	
2005.6	1358.23	459.275	578.763	714.05	0.177192	0.0832463	0.0762004	0.0597599	0.0631524	0.0621086	0.0579332	0.0548017	0.0487996	0.0464509	0.052714	0.0451461	0.0456681	0.0532359	0.0735908	0	0	0	0	0	
2005.7	1358.83	444.487	553.772	671.145	0.175981	0.0855212	0.0730439	0.0613465	0.063426	0.0660255	0.0532883	0.0517286	0.0488692	0.0522485	0.0444502	0.0493891	0.0465298	0.049909	0.0782428	0	0	0	0	0	
2005.8	1304.73	459.813	529.322	674.868	0.176257	0.0883878	0.0723173	0.060394	0.0614308	0.0679108	0.0518403	0.0536547	0.0482115	0.0518403	0.0466563	0.0474339	0.0489891	0.0419907	0.0826853	0	0	0	0	0	
2005.9	1291.91	453.494	551.028	697.923	0.174644	0.0895213	0.0680466	0.0664942	0.0592497	0.069599	0.0530401	0.0507115	0.0499353	0.0483829	0.0470893	0.0489004	0.0489004	0.0424321	0.083053	0	0	0	0	0	
2006	1299.18	455.084	540.94	695.889	0.171665	0.0933299	0.0672182	0.0643744	0.0669597	0.0628232	0.0545502	0.0493795	0.0488625	0.0478283	0.0509307	0.0465357	0.0501551	0.0400724	0.0853154	0	0	0	0	0	
2006.1	1288.62	473.016	549.628	707.985	0.167443	0.0957557	0.0654762	0.0675466	0.0678054	0.0603002	0.0530538	0.0486542	0.0491718	0.0491718	0.0509834	0.0478778	0.0512422	0.0385611	0.0869565	0	0	0	0	0	
2006.2	1387.8	460.795	493.338	736.222	0.165287	0.0951888	0.067253	0.068805	0.0667356	0.0581997	0.053285	0.0519917	0.0470771	0.0527677	0.0457838	0.0517331	0.0455251	0.0429384	0.0874289	0	0	0	0	0	
2006.3	1366.52	454.005	524.524	737.26	0.165766	0.0952381	0.0679537	0.0689833	0.0671815	0.0558559	0.0509653	0.0527671	0.0494208	0.0491634	0.0483912	0.0494208	0.0468468	0.0455598	0.0864865	0	0	0	0	0	
2006.4	1354.02	477.447	527.838	735.384	0.169054	0.0933504	0.0652174	0.0703325	0.0677749	0.0529412	0.0511509	0.0524297	0.0511509	0.0491049	0.0485934	0.0501279	0.0424552	0.0445013	0.0918159	0	0	0	0	0	
2006.5	1346.46	460.02	508.358	711.796	0.169647	0.0863567	0.0717936	0.0669392	0.0679612	0.0518651	0.0526316	0.0528871	0.0493102	0.0472662	0.0500766	0.0505876	0.0429228	0.0439448	0.0958099	0	0	0	0	0	
2006.6	1321.32	445.873	557.791	734.345	0.171524	0.0817996	0.0710634	0.0674847	0.0687628	0.0531697	0.0521472	0.0508691	0.0503579	0.047546	0.0526585	0.0465235	0.045501	0.041411	0.099182	0	0	0	0	0	
2006.7	1291.53	444.702	565.9	710.946	0.173436	0.0840358	0.0712644	0.0681992	0.0648787	0.0523627	0.053129	0.0510856	0.0482759	0.0503193	0.0508301	0.0469987	0.0431673	0.0457216	0.0962963	0	0	0	0	0	
2006.8	1305.97	435.384	591.554	666.351	0.174212	0.0829095	0.0727365	0.0661241	0.0630722	0.0559512	0.0495931	0.0531536	0.0506104	0.0498474	0.0455239	0.0490844	0.042472	0.0457782	0.0989318	0	0	0	0	0	
2006.9	1420.15	423.617	544.465	627.131	0.17493	0.0813628	0.0760234	0.065853	0.058988	0.056954	0.0528858	0.0505975	0.0475464	0.051106	0.0475464	0.049072	0.0414442	0.0470379	0.0986524	0	0	0	0	0	
2007	1398.82	433.018	507.017	700.503	0.17315	0.0828884	0.0744978	0.0655988	0.0607679	0.0533944	0.0531401	0.051106	0.0475464	0.0495805	0.0493262	0.0480549	0.0447496	0.0485634	0.0976354	0	0	0	0	0	
2007.1	1337.73	415.97	497.13	717.781	0.170175	0.0841998	0.0743089	0.064418	0.0603601	0.0535126	0.0537662	0.0502156	0.0476794	0.0509764	0.0494547	0.0446361	0.0476794	0.0502156	0.0984022	0	0	0	0	0	
2007.2	1326.12	428.187	473.613	734.607	0.170089	0.0823828	0.0742712	0.0651458	0.0580482	0.0529785	0.0577947	0.0474018	0.0501901	0.0479087	0.0512041	0.0463878	0.0456274	0.0499366	0.100634	0	0	0	0	0	
2007.3	1375.53	469.855	480.985	684.912	0.172633	0.083016	0.071084	0.0660066	0.0591521	0.0520437	0.0555979	0.0515359	0.0482356	0.0479817	0.0528053	0.0467124	0.0464585	0.0462046	0.100533	0	0	0	0	0	
2007.4	1413.25	468.747	466.598	683.312	0.17355	0.0838612	0.0699265	0.0661262	0.0587788	0.053965	0.0509248	0.0509248	0.0491513	0.0499113	0.0511781	0.0466177	0.0471244	0.0453509	0.10261	0	0	0	0	0	
2007.5	1368.76	483.29	541.242	737.058	0.173077	0.0827429	0.069332	0.0685729	0.0551619	0.0551619	0.0508603	0.0508603	0.0470648	0.0564271	0.0501012	0.0412449	0.0521255	0.041498	0.105769	0	0	0	0	0	
2007.6	1343.03	511.123	553.275	753.655	0.170584	0.0831438	0.0689917	0.0674754	0.0576194	0.0568613	0.0492798	0.0513015	0.0467526	0.0550922	0.0482689	0.0442254	0.049027	0.0477635	0.103614	0	0	0	0	0	
2007.7	1264.92	488.858	530.02	667.852	0.166331	0.0832914	0.0707096	0.0681933	0.0573729	0.0530951	0.0528435	0.0485657	0.0493206	0.0530951	0.0490689	0.0470559	0.0460493	0.0437846	0.111223	0	0	0	0	0	
2007.8	1283.93	495.771	577.547	681.846	0.165287	0.0832706	0.0739905	0.0654628	0.0581891	0.052922	0.0514171	0.0491598	0.048909	0.0526712	0.0471532	0.0491598	0.0451467	0.0453975	0.111864	0	0	0	0	0	
2007.9	1233.36	494.561	590.062	685.518	0.164665	0.0838338	0.0720721	0.0660661	0.0570571	0.0497998	0.0535536	0.0462963	0.0528028	0.0508008	0.0467968	0.0492993	0.0462963	0.044044	0.116617	0	0	0	0	0	
2008	1226.31	480.385	615.371	704.707	0.166001	0.0833749	0.070644	0.0651523	0.056665	0.0481777	0.0541687	0.0444333	0.054668	0.0511732	0.0474289	0.0476785	0.0481777	0.0414378	0.120819	0	0	0	0	0	
2008.1	1275.6	476.662	578.213	713.387	0.163996	0.0816224	0.071357	0.0648473	0.0545819	0.0523285	0.0498247	0.0478217	0.0545819	0.0483225	0.0503255	0.0448172	0.0483225	0.0438157	0.123435	0	0	0	0	0	
2008.2	1325.7	464.929	590.178	657.035	0.164246	0.0828743	0.0731097	0.0603405	0.0540811	0.0520781	0.0498247	0.0470706	0.0560841	0.0515774	0.0450676	0.0510766	0.0463195	0.0398097	0.12644	0	0	0	0	0	
2008.3	1354.38	458.343	576.052	639.651	0.167041	0.0836454	0.0696629	0.0606742	0.0546816	0.0521848	0.0486891	0.0481898	0.0539326	0.0536829	0.043196	0.0514357	0.0466916	0.0421973	0.124095	0	0	0	0	0	
2008.4	1329.76	436.789	548.582	635.61	0.164544	0.0833958	0.0699126	0.059176	0.0566792	0.0494382	0.0491885	0.0524345	0.0541823	0.0531835	0.0449438	0.0481898	0.0454432	0.0436954	0.125593	0	0	0	0	0	
2008.5	1306.96	451.125	530.678	569.758	0.160741	0.0861292	0.0708563	0.0598398	0.0543315	0.0498247	0.0480721	0.05333	0.055333	0.0505759	0.045318	0.0505759	0.0438157	0.045318	0.125939	0	0	0	0	0	
2008.6	1255.08	449.949	559.759	573.414	0.15896	0.0849788	0.0722319	0.0579855	0.0537366	0.0522369	0.0489878	0.0512372	0.0554861	0.0499875	0.0477381	0.0504874	0.0397401	0.0474881	0.128718	0	0	0	0	0	
2008.7	1283.23	446.464	536.86	569.459	0.158671	0.0857071	0.0684658	0.0602199	0.0492254	0.0552224	0.045977	0.0522239	0.0587206	0.0464768	0.0509745	0.0462269	0.0434783	0.0452274	0.133183	0	0	0	0	0	
2008.8	1181.39	460.673	553.642	563.034	0.156039	0.0835209	0.0672668	0.0602651	0.0495124	0.0542636	0.0447612	0.0510128	0.0602651	0.044011	0.0545136	0.0457614	0.0455114	0.0432608	0.140035	0	0	0	0	0	
2008.9	1184	479.671	574.588	607.718	0.156485	0.0796194	0.0698548	0.0575864	0.0485729	0.0528292	0.0485729	0.0528292	0.0583375	0.0443165	0.0538307	0.045318	0.0420631	0.0488232	0.140961	0	0	0	0	0	
2009	1243.1	465.72	534.62	639.313	0.155511	0.078762	0.0694514	0.0588827	0.0485657	0.0508304	0.0490689	0.0576246	0.0533468	0.0473075	0.0508304	0.0460493	0.0447911	0.0480624	0.140916	0	0	0	0	0	
2009.1	1231.04	490.283	541.829	670.727	0.153498	0.0764972	0.0717162	0.0528435	0.051082	0.0505788	0.0493206	0.0598893	0.0500755	0.0515853	0.0503271	0.0457977	0.0417715	0.0503271	0.14469	0	0	0	0	0	
2009.2	1246	491.528	558.103	706.687	0.152802	0.0769037	0.0688615	0.0540337	0.0537824	0.0492586	0.0507665	0.0585574	0.0510178	0.0500126	0.0497612	0.0449862	0.0422217	0.0507665	0.146268	0	0	0	0	0	
2009.3	1221.99	480.31	587.245	684.978	0.154792	0.0772704	0.0647265	0.0544405	0.0549423	0.0469142	0.0516809	0.0599599	0.0469142	0.0536879	0.0464124	0.0446563	0.047416	0.0454089	0.150778	0	0	0	0	0	
2009.4	1211.26	464.38	573.301	670.738	0.155717	0.0739719	0.0661986	0.0541625	0.0554162	0.0463892	0.0496489	0.0624373	0.0451354	0.0544132	0.0468907	0.0441324	0.0483952	0.0446339	0.152457	0	0	0	0	0	
2009.5	1158.23	433.134	585.576	666.593	0.156258	0.0775019	0.0614497	0.0536744	0.056935	0.0458992	0.0484073	0.0622022	0.0474041	0.0536744	0.0469024	0.0416353	0.052922	0.0448959	0.150238	0	0	0	0	0	
2009.6	1189.61	399.301	618.424	639.996	0.156164	0.0768265	0.0622646	0.0517198	0.0559879	0.0469495	0.0507155	0.0572433	0.0484559	0.0549837	0.0459453	0.0431835	0.0492091	0.044941	0.15541	0	0	0	0	0	
2009.7	1222.34	368.438	574.713	643.501	0.157645	0.0720878	0.0638563	0.052881	0.0531305	0.044899	0.052881	0.0558743	0.0491394	0.0523821	0.0463956	0.0456473	0.0508855	0.0394113	0.162884	0	0	0	0	0	
2009.8	1224.73	356.299	513.875	626.698	0.155456	0.0695067	0.0672646	0.0510713	0.0490782	0.0465869	0.0540608	0.052566	0.0515695	0.0540608	0.0453413	0.0435974	0.0523169	0.0383657	0.169158	0	0	0	0	0	
2009.9	1243.8	321.91	487.263	635.364	0.148862	0.0708031	0.0678009	0.052039	0.0485364	0.0457843	0.0542907	0.05329	0.0552915	0.0490368	0.0485364	0.0442832	0.0512885	0.0385289	0.171629	0	0	0	0	0	
2010	1313.88	301.368	422.319	631.005	0.147418	0.0720878	0.0668496	0.0511349	0.0476428	0.0456473	0.0583687	0.0493889	0.0576204	0.0486406	0.044899	0.0476428	0.0468945	0.0424046	0.17336	0	0	0	0	0	
