1980.1	0.0277529	0.0235231	0	NaN	0	0	0	0	0	0
1980.2	0.0259054	0.0219336	0	NaN	0	0	0	0	0	0
1980.3	0.0240967	0.01926	0	NaN	0	0	0	0	0.00644745	0
1980.4	0.0225197	0.0179113	0	NaN	0	0	0	0	0.0202566	0
1980.5	0.0186888	0.0152112	0	NaN	0	0	0	0	0.0356888	0
1980.6	0.017088	0.0117022	0.1	NaN	0	0	0	0	0.0296077	0
1980.7	0.0151439	0.0103451	0.125	NaN	0	0	0	0	0	0
1980.8	0.013636	0.0100894	0	NaN	0	0	0	0	0	0
1980.9	0.0128807	0.00814869	0	NaN	0	0	0	0	0	0
1981	0.0124766	0.00759355	0	NaN	0	0	0	0	0	0
1981.1	0.0118166	0.00733617	0	NaN	0	0	0	0	0	0
1981.2	0.0114319	0.00707735	NaN	NaN	0	0	0	NaN	0.0090009	0
1981.3	0.0110425	0.00739776	0.0833333	NaN	0	0	0	0	0.0384246	0
1981.4	0.0108429	0.00857079	0.030303	NaN	0	0	0	0	0.0481348	0
1981.5	0.0113123	0.00689304	0.0588235	NaN	0	0	0	0	0.0224467	0
1981.6	0.0112522	0.00660864	0	NaN	0	0	0	0	0.0601685	0
1981.7	0.0111327	0.00805967	0.047619	NaN	0	0	0	0	0.0504541	0
1981.8	0.0112909	0.00835962	0	NaN	0	0	0	0	0.0593472	0
1981.9	0.0115786	0.00951242	0	NaN	0	0	0	0	0.062435	0
1982	0.0117958	0.0100885	NaN	NaN	0	0	0	NaN	0.0630915	0
1982.1	0.0121916	0.00894091	0	NaN	0	0	0	0	0.0666032	0.00960615
1982.2	0.0118849	0.00951328	0	NaN	0	0	0	0	0.0824931	0.0170794
1982.3	0.0128498	0.010941	0.047619	NaN	0	0	0	0	0.0530504	0.0134138
1982.4	0.0138839	0.0109088	0.0555556	NaN	0	0	0	0	0.0314713	0.0121877
1982.5	0.0157325	0.0108838	0.0666667	NaN	0	0	0	0	0.03276	0.0118273
1982.6	0.0168265	0.0122372	NaN	NaN	0	0	0	NaN	0.0319744	0.0116212
1982.7	0.0196377	0.0107875	0	NaN	0	0	0	0	0.0454201	0.0104657
1982.8	0.0203245	0.0133069	0	NaN	0	0	0	0	0.0460224	0.0195982
1982.9	0.0212663	0.0152897	0	NaN	0	0	0	0	0.045425	0.0180914
1983	0.0213089	0.0152986	0	NaN	0	0	0	0	0.056926	0.0259628
1983.1	0.0215966	0.0164508	0.111111	NaN	0	0	0	0.0714286	0.0470312	0.0319872
1983.2	0.0202887	0.0167548	0	NaN	0	0	0	0	0.0363416	0.0336952
1983.3	0.0197856	0.0139625	0.0555556	NaN	0	0	0	0	0.0239378	0.0348311
1983.4	0.0186953	0.0142732	NaN	NaN	0	0	0	NaN	0.0232423	0.0376583
1983.5	0.0182445	0.0114796	0	NaN	0	0	0	0	0.0293945	0.0517632
1983.6	0.0181629	0.0106765	0	1	0	0	0	0	0.0352734	0.0526162
1983.7	0.0179008	0.0118648	0	NaN	0	0	0	0	0.0567859	0.049033
1983.8	0.0176911	0.0125278	0	1	0	0	0	0.0714286	0.0752284	0.0510074
1983.9	0.0180996	0.012291	0	1	0	0	0	0.0357143	0.0761035	0.0544895
1984	0.0190228	0.0126156	0.1	1	0	0	0	0	0.0576646	0.0638626
1984.1	0.0180355	0.0135859	0	NaN	0	0	0	0	0.0791687	0.0665188
1984.2	0.0185227	0.0160779	0.111111	1	0	0	0	0.125	0.0852676	0.078416
1984.3	0.0191678	0.0168302	0.0666667	NaN	0	0	0	0	0.0949796	0.0880572
1984.4	0.0192398	0.0160936	0.125	NaN	0	0	0	0	0.0865426	0.0840195
1984.5	0.0195299	0.0135269	0.0416667	1	0	0	0	0	0.0973021	0.0837151
1984.6	0.0204566	0.014278	0	NaN	0	0	0	0	0.124944	0.0874863
1984.7	0.0209561	0.0140244	0.0769231	NaN	0	0	0	0.0238095	0.119211	0.0907603
1984.8	0.0223102	0.0132134	0.125	NaN	0	0	0	0	0.0884564	0.107128
1984.9	0.0228133	0.0124488	0	1	0	0	0	0.111111	0.0880669	0.125988
1985	0.0221003	0.0141646	0.0833333	0.5	0	0	0	0	0.0777907	0.134598
1985.1	0.0222947	0.0148654	0.04	NaN	0	0	0	0.0731707	0.0901607	0.130419
1985.2	0.0224289	0.0161627	0.0714286	NaN	0	0	0	0	0.0980762	0.131768
1985.3	0.0230537	0.0171185	0.0434783	NaN	0	0	0	0	0.0929872	0.132478
1985.4	0.022698	0.0183798	0.0384615	1	0	0	0	0	0.0823207	0.135122
1985.5	0.0226797	0.0217768	0	NaN	0	0	0	0	0.0692042	0.146446
1985.6	0.0226087	0.0226304	0.08	1	0	0	0	0.05	0.066642	0.148031
1985.7	0.0235829	0.0218918	0.0909091	NaN	0	0	0	0	0.0433057	0.147937
1985.8	0.0240661	0.021799	0.0666667	NaN	0	0	0	0.0434783	0.0545256	0.154031
1985.9	0.024438	0.0214019	0	NaN	0	0	0	0	0.0647249	0.157663
1986	0.0235638	0.019743	0.0344828	NaN	0	0	0	0.04	0.0703443	0.161018
1986.1	0.024045	0.0196571	0.0571429	1	0	0	0	0.0714286	0.0901917	0.159704
1986.2	0.0237673	0.0179615	0.0689655	NaN	0	0	0	0.05	0.0763359	0.161764
1986.3	0.0235517	0.0180888	0.0689655	1	0	0	0	0.130435	0.0668779	0.161626
1986.4	0.0242375	0.018759	0	0.5	0	0	0	0	0.0614125	0.161927
1986.5	0.0247153	0.0191995	0.0454545	0.666667	0	0	0	0	0.0711491	0.164529
1986.6	0.0248704	0.0191033	0	1	0	0	0	0.176471	0.0809574	0.169179
1986.7	0.0251901	0.0218975	0	NaN	0	0	0	0	0.082481	0.168154
1986.8	0.0256049	0.0246451	0	0.75	0	0	0	0.027027	0.0815314	0.172295
1986.9	0.0249227	0.0244666	0.0731707	1	0	0	0	0.125	0.0652697	0.167265
1987	0.0245068	0.0245498	0.103448	1	0	0	0	0.130435	0.0681597	0.166851
1987.1	0.024085	0.0223502	0.0416667	1	0	0	0	0.0588235	0.0677201	0.17137
1987.2	0.024293	0.0227341	0	0.5	0	0	0	0.04	0.0624794	0.177102
1987.3	0.0244506	0.0245331	0.0333333	NaN	0	0	0	0.047619	0.0564086	0.182622
1987.4	0.0244613	0.0253243	0	1	0	0	0	0.333333	0.0650695	0.180977
1987.5	0.0245096	0.0250524	0.09375	1	0	0	0	0	0.056802	0.186465
1987.6	0.0262273	0.0254336	0.0344828	1	0	0	0	0.153846	0.0469071	0.184689
1987.7	0.027173	0.0260077	0.0487805	1	0	0	0	0.133333	0.0538761	0.182417
1987.8	0.0280943	0.0271925	0.0263158	NaN	0	0	0	0.166667	0.0542005	0.183905
1987.9	0.0278816	0.0267575	0	0.5	0	0	0	0.2	0.0604047	0.18425
1988	0.0284374	0.0281102	0.0175439	1	0	0	0	0.195122	0.0582336	0.18549
1988.1	0.0290011	0.0265923	0.0882353	1	0	0	0	0.08	0.0571247	0.190841
1988.2	0.0292985	0.0251109	0.047619	0.25	0	0	0	0.176471	0.0538761	0.191941
1988.3	0.0290827	0.0244453	0.0204082	0.666667	0	0	0	0.128205	0.0558659	0.19293
1988.4	0.0287708	0.0245067	0.015873	1	0	0	0	0.106383	0.059812	0.197835
1988.5	0.0265664	0.0248529	0.0606061	1	0	0	0	0.0434783	0.0603275	0.199588
1988.6	0.0261046	0.0242237	0.0169492	0.5	0	0	0	0.0526316	0.0658485	0.204816
1988.7	0.0246227	0.0222908	0	0.75	0	0	0	0.2	0.063234	0.211733
1988.8	0.0249182	0.0213973	0.0232558	0.666667	0	0	0	0.0769231	0.0502653	0.207411
1988.9	0.0252534	0.0227034	0.0408163	0.5	0	0	0	0.230769	0.055029	0.208046
1989	0.026293	0.0247208	0.102041	0.666667	0	0	0	0.166667	0.0432152	0.207015
1989.1	0.0256453	0.024953	0.0512821	1	0	0	0	0.222222	0.0569638	0.206914
1989.2	0.0268225	0.024974	0	0.888889	0	0	0	0.178571	0.0702942	0.20725
1989.3	0.027878	0.0269505	0.0149254	1	0	0	0	0.111111	0.0811977	0.208028
1989.4	0.0297357	0.0297708	0.02	0.5	0	0	0	0.25641	0.0882117	0.210026
1989.5	0.0294362	0.0303118	0.015625	0.75	0	0	0	0.130435	0.0835354	0.211835
1989.6	0.0286838	0.0285052	0.0769231	1	0	0	0	0.0322581	0.0913733	0.215293
1989.7	0.0267916	0.026455	0.0769231	1	0	0	0	0.151515	0.0862725	0.215407
1989.8	0.0286831	0.0264428	0.0425532	1	0	0	0	0.0689655	0.0923239	0.221138
1989.9	0.0291293	0.0242357	0.0769231	1	0	0	0	0.272727	0.100769	0.220487
1990	0.0286278	0.0249005	0.15	0.333333	0	0	0	0.288889	0.0882888	0.222917
1990.1	0.028468	0.0213318	0.0327869	1	0	0	0	0.138889	0.0843774	0.224806
1990.2	0.0286108	0.0198519	0.0277778	1	0	0	0	0.208333	0.0802901	0.224116
1990.3	0.0295348	0.0208163	0.0425532	0.666667	0	0	0	0.172414	0.0634357	0.225791
1990.4	0.0307082	0.0228376	0.0377358	0.714286	0	0	0	0.185185	0.0721464	0.223216
1990.5	0.030214	0.0223827	0.0487805	0.5	0	0	0	0.190476	0.0739607	0.22406
1990.6	0.0309411	0.0260798	0.0833333	0.8	0	0	0	0	0.0585343	0.223332
1990.7	0.0309457	0.0260147	0.084507	0.75	0	0	0	0.214286	0.0590987	0.225826
1990.8	0.0307509	0.0265071	0.0943396	0.75	0	0	0	0.222222	0.0597943	0.231228
1990.9	0.0305673	0.0280414	0.0135135	0.8	0	0	0	0.0487805	0.0703713	0.229909
1991	0.0304305	0.0284208	0.111111	0.8	0	0	0	0.190476	0.0592446	0.228478
1991.1	0.0303082	0.0274817	0.0526316	0.75	0	0	0	0.291667	0.0709052	0.226055
1991.2	0.0309145	0.0277598	0.04	0.625	0	0	0	0.0588235	0.0722185	0.229428
1991.3	0.0300231	0.027133	0.0540541	0.909091	0	0	0	0.255814	0.0801603	0.23084
1991.4	0.0310299	0.0259457	0.0416667	0.666667	0	0	0	0.285714	0.0807286	0.232921
1991.5	0.0319365	0.0270217	0.0705882	0.75	0	0	0	0.156863	0.0658301	0.237217
1991.6	0.0318331	0.0282112	0.0555556	0.625	0	0	0	0.0833333	0.0733048	0.239937
1991.7	0.0312944	0.0288037	0.0128205	0.785714	0	0	0	0.145833	0.0780127	0.245113
1991.8	0.0318666	0.0292125	0.05	0.75	0	0	0	0.375	0.0692175	0.250752
1991.9	0.0317047	0.0279712	0.0506329	0.333333	0	0	0	0.204545	0.075084	0.251432
1992	0.0332102	0.0262333	0.0227273	0.75	0	0	0	0.26	0.0739068	0.251571
1992.1	0.0337832	0.027458	0.0322581	0.8	0	0	0	0.105263	0.0833164	0.249554
1992.2	0.0336765	0.0286878	0.0793651	0.818182	0	0	0	0.151515	0.076306	0.251796
1992.3	0.0357683	0.0291855	0.0291262	0.785714	0	0	0	0.196429	0.0916152	0.250806
1992.4	0.0363271	0.0307646	0.0666667	0.923077	0	0	0	0.205882	0.0990644	0.250849
1992.5	0.0375631	0.0318619	0.0384615	0.818182	0	0	0	0.259259	0.0879555	0.251473
1992.6	0.0387128	0.0335029	0.101266	0.727273	0	0	0	0.25	0.0820373	0.252543
1992.7	0.0392407	0.0349668	0.0243902	0.823529	0	0	0	0.195652	0.0904095	0.254804
1992.8	0.0398532	0.0360169	0.029703	0.727273	0	0	0	0.156863	0.0862212	0.257902
1992.9	0.0404195	0.0343206	0.0288462	0.666667	0	0	0	0.122807	0.0929272	0.260979
1993	0.0401357	0.0345285	0.0555556	0.636364	0	0	0	0.104167	0.0920191	0.258863
1993.1	0.0415841	0.0318295	0.0441176	0.714286	0	0	0	0.210526	0.0846141	0.257368
1993.2	0.0412902	0.0322165	0.106061	0.428571	0	0	0	0.204545	0.0795128	0.261034
1993.3	0.0413706	0.0334697	0.0384615	0.75	0	0	0	0.030303	0.077039	0.261192
1993.4	0.0415756	0.0328772	0.0208333	1	0	0	0	0.145455	0.0767787	0.263062
1993.5	0.0408707	0.0315687	0.037037	0.875	0	0	0	0.172414	0.0814802	0.263113
1993.6	0.0409064	0.0338326	0.0612245	0.769231	0	0	0	0.115385	0.0827563	0.263133
1993.7	0.041224	0.0340305	0.0659341	0.882353	0	0	0	0.150943	0.095874	0.2681
1993.8	0.0408432	0.0352883	0.0470588	0.894737	0	0	0	0.150943	0.0983445	0.266983
1993.9	0.0410083	0.0354954	0.0344828	0.666667	0	0	0	0.301887	0.0941767	0.268583
1994	0.0407322	0.0353363	0.0650407	0.9	0	0	0	0.181818	0.0817177	0.265976
1994.1	0.0411298	0.0362233	0.0413223	0.6	0	0	0	0.166667	0.083583	0.266434
1994.2	0.0415789	0.0357825	0.0555556	0.875	0	0	0	0.145455	0.0879859	0.268305
1994.3	0.0425496	0.0363009	0.0636364	0.8	0	0	0	0.0892857	0.0888748	0.271452
1994.4	0.0425276	0.0370212	0.0277778	0.8	0	0	0	0.176471	0.0893804	0.272802
1994.5	0.0411667	0.0377449	0.049505	0.75	0	0	0	0.229167	0.0904841	0.276501
1994.6	0.041014	0.0361631	0.037594	0.8125	0	0	0	0.323944	0.0838287	0.279106
1994.7	0.0417969	0.0362109	0.101351	0.714286	0	0	0	0.240964	0.0690587	0.280078
1994.8	0.0414095	0.036277	0.0147059	0.619048	0	0	0	0.222222	0.0854831	0.280515
1994.9	0.041171	0.0373103	0.0119048	0.857143	0	0	0	0.265306	0.0951544	0.28248
1995	0.0399074	0.0342972	0.0353982	0.761905	0	0	0	0.142857	0.0972679	0.285783
1995.1	0.0405933	0.0331905	0.0391061	0.857143	0	0	0	0.247191	0.0971875	0.284076
1995.2	0.0428375	0.0330614	0.0555556	0.818182	0	0	0	0.392857	0.0933594	0.282255
1995.3	0.0434734	0.0326319	0.0512821	0.882353	0	0	0	0.289474	0.0990559	0.282085
1995.4	0.0427508	0.0327833	0.0793651	0.666667	0	0	0	0.142857	0.087255	0.281652
1995.5	0.042724	0.0329764	0.0153846	0.761905	0	0	0	0.269841	0.0923618	0.28246
1995.6	0.0429235	0.0327022	0.04	0.583333	0	0	0	0.265306	0.0878836	0.281581
1995.7	0.0430336	0.0349929	0.0792079	0.75	0	0	0	0.0545455	0.0820026	0.281848
1995.8	0.0418759	0.0358128	0.0444444	0.6	0	0	0	0.372093	0.0819299	0.284507
1995.9	0.0408851	0.0366616	0.0843373	0.777778	0	0	0	0.324324	0.0883522	0.285149
1996	0.0409615	0.0370793	0.0465116	0.857143	0	0	0	0.12766	0.0820026	0.286081
1996.1	0.0405435	0.0359186	0.047619	0.6	0	0	0	0.0588235	0.0859476	0.290135
1996.2	0.0409635	0.036929	0.0432099	0.9	0	0	0	0.285714	0.0755704	0.291042
1996.3	0.0407594	0.0394257	0.0222222	0.8	0	0	0	0.245283	0.0803976	0.291635
1996.4	0.0407729	0.038554	0.0671642	0.833333	0	0	0	0.0923077	0.0789733	0.286894
1996.5	0.0427297	0.0390508	0.0588235	0.933333	0	0	0	0.305085	0.0743699	0.286843
1996.6	0.043711	0.0375533	0.0319149	0.764706	0	0	0	0.22	0.0704323	0.286474
1996.7	0.0440389	0.0398913	0.0227273	0.84	0	0	0	0.212121	0.0802803	0.289114
1996.8	0.0452358	0.0394863	0.0350877	0.8	0	0	0	0.15873	0.0803328	0.292499
1996.9	0.0451964	0.0376944	0.0536585	0.529412	0	0	0	0.217391	0.071837	0.289317
1997	0.0452167	0.0342506	0.039604	0.842105	0	0	0	0.285714	0.0774443	0.289514
1997.1	0.0456856	0.0340136	0.0526316	0.769231	0	0	0	0.2875	0.0767981	0.287409
1997.2	0.0443083	0.0331482	0.0289855	0.625	0	0	0	0.285714	0.0697226	0.288442
1997.3	0.0429885	0.0335016	0.0362319	0.777778	0	0	0	0.371429	0.0705219	0.285754
1997.4	0.0416781	0.0314204	0.0285714	0.904762	0	0	0	0.0882353	0.0730887	0.282561
1997.5	0.0408294	0.0320441	0.056962	0.708333	0	0	0	0.25	0.0643087	0.284721
1997.6	0.0400113	0.0330061	0.0483871	0.708333	0	0	0	0.196078	0.073303	0.286878
1997.7	0.0404743	0.0338252	0.0359712	0.647059	0	0	0	0.228571	0.0781596	0.285577
1997.8	0.0403621	0.0338915	0.0472973	0.5	0	0	0	0.185714	0.079517	0.2908
1997.9	0.0418222	0.0339333	0.037594	0.933333	0	0	0	0.304348	0.0851891	0.295673
1998	0.0417942	0.0344547	0.04	0.933333	0	0	0	0.306122	0.0901882	0.289469
1998.1	0.0421585	0.0355801	0.0551181	0.588235	0	0	0	0.135593	0.0941892	0.290353
1998.2	0.0424844	0.0346512	0.0655738	0.714286	0	0	0	0.275362	0.0861945	0.292625
1998.3	0.0433262	0.0350303	0.0847458	0.733333	0	0	0	0.135417	0.0781837	0.294443
1998.4	0.0435511	0.0357347	0.047619	0.894737	0	0	0	0.353846	0.0738531	0.295809
1998.5	0.0437423	0.0377397	0.0564972	0.6	0	0	0	0.316327	0.0666572	0.29275
1998.6	0.0426369	0.0382893	0.0149254	0.866667	0	0	0	0.305556	0.060678	0.295178
1998.7	0.0430352	0.0381146	0.0381679	0.666667	0	0	0	0.157143	0.0652377	0.293225
1998.8	0.0423557	0.0392181	0.017094	0.666667	0	0	0	0.166667	0.0662073	0.291422
1998.9	0.0417619	0.0419092	0.0762712	0.684211	0	0	0	0.226415	0.0661066	0.290773
1999	0.0408124	0.0428359	0.04	0.8125	0	0	0	0.237288	0.0720011	0.293793
1999.1	0.0414769	0.0424466	0.0309278	0.8	0	0	0	0.3	0.078972	0.292542
1999.2	0.0409668	0.0417754	0.056	0.714286	0	0	0	0.133333	0.0845724	0.292634
1999.3	0.0420121	0.0412407	0.0460526	0.444444	0	0	0	0.234375	0.0829761	0.294653
1999.4	0.0425305	0.0425626	0.030303	0.64	0	0	0	0.262295	0.0806109	0.296359
1999.5	0.0432836	0.041894	0.0431034	0.714286	0	0	0	0.25	0.0806109	0.297067
1999.6	0.0439193	0.0413823	0.0458015	0.652174	0	0	0	0.264706	0.076807	0.298815
1999.7	0.0443532	0.0412879	0.0940594	0.65	0	0	0	0.191489	0.0743593	0.296958
1999.8	0.0438402	0.0440188	0.0566038	0.866667	0	0	0	0.367089	0.0672984	0.296785
1999.9	0.044237	0.0447673	0.0307692	0.791667	0	0	0	0.290323	0.0750252	0.298196
2000	0.0438434	0.0450965	0.0534351	0.722222	0	0	0	0.254237	0.079989	0.300371
2000.1	0.0441533	0.0448481	0.0490798	0.875	0	0	0	0.158537	0.0776867	0.299815
2000.2	0.0442043	0.0431986	0.0483871	0.75	0	0	0	0.283333	0.0720237	0.299382
2000.3	0.0446425	0.0406952	0.0480769	0.730769	0	0	0	0.227273	0.0734764	0.297884
2000.4	0.0444841	0.0401207	0.0454545	0.823529	0	0	0	0.302632	0.0774847	0.300266
2000.5	0.0442795	0.0383025	0.0526316	0.888889	0	0	0	0.279412	0.0766703	0.29932
2000.6	0.0447215	0.0378698	0.031746	0.7	0	0	0	0.238095	0.0852319	0.299377
2000.7	0.0441732	0.0369183	0.0810811	0.642857	0	0	0	0.259259	0.0790195	0.297701
2000.8	0.0435966	0.0374439	0.0512821	0.75	0	0	0	0.328767	0.0559016	0.296712
2000.9	0.0432557	0.0377296	0.0314465	0.733333	0	0	0	0.204819	0.0536193	0.292704
2001	0.0424594	0.0393998	0.0506329	0.785714	0	0	0	0.230769	0.0658	0.291479
2001.1	0.0422569	0.0380682	0.0536913	0.6	0	0	0	0.257576	0.0627918	0.292801
2001.2	0.0416834	0.0376712	0.0628019	0.761905	0	0	0	0.223404	0.0615784	0.291669
2001.3	0.0409521	0.0377012	0.0645161	0.631579	0	0	0	0.195876	0.054001	0.290488
2001.4	0.0400372	0.0378844	0.0506329	0.941176	0	0	0	0.363636	0.0486496	0.292166
2001.5	0.0399058	0.0360429	0.0458015	0.736842	0	0	0	0.228571	0.056469	0.293175
2001.6	0.03988	0.0365346	0.023622	0.611111	0	0	0	0.209677	0.0590175	0.295579
2001.7	0.0400111	0.0344428	0.0138889	0.571429	0	0	0	0.3125	0.0640028	0.295934
2001.8	0.0395114	0.0338496	0.0397351	0.875	0	0	0	0.184211	0.0666556	0.295045
2001.9	0.0393111	0.0331036	0.0653595	0.45	0	0	0	0.287671	0.0680603	0.29895
2002	0.038782	0.0326084	0.0243902	0.764706	0	0	0	0.254902	0.0631988	0.299441
2002.1	0.0386681	0.0327716	0.0333333	0.666667	0	0	0	0.320513	0.0619801	0.299995
2002.2	0.0386589	0.0312072	0.0564516	0.866667	0	0	0	0.157895	0.0617969	0.302202
2002.3	0.0383645	0.0322608	0.0248447	0.647059	0	0	0	0.169014	0.0694324	0.301304
2002.4	0.0378518	0.0347969	0.038835	0.730769	0	0	0	0.38	0.0786391	0.305757
2002.5	0.0382589	0.0349588	0.0707965	0.75	0	0	0	0.326923	0.073426	0.305275
2002.6	0.0380463	0.0345594	0.0253165	0.6	0	0	0	0.151515	0.0675574	0.304754
2002.7	0.0382737	0.03363	0.010989	0.521739	0	0	0	0.306818	0.0759572	0.303091
2002.8	0.0383141	0.0336235	0.0309278	0.73913	0	0	0	0.28972	0.0982128	0.303146
2002.9	0.0383453	0.0349671	0.0467836	0.521739	0	0	0	0.364706	0.101433	0.302603
2003	0.0378422	0.0334116	0.024	0.6	0	0	0	0.368421	0.10123	0.299416
2003.1	0.0387121	0.0325052	0.03125	0.714286	0	0	0	0.26	0.100312	0.300871
2003.2	0.0386439	0.0336792	0.088	0.653846	0	0	0	0.156863	0.0744216	0.299583
2003.3	0.0385355	0.0333345	0.031746	0.5	0	0	0	0.353846	0.0685252	0.301048
2003.4	0.0380268	0.0335056	0.0466667	0.722222	0	0	0	0.235294	0.0711964	0.301271
2003.5	0.0378078	0.0329022	0	0.947368	0	0	0	0.22807	0.0766754	0.298343
2003.6	0.0375793	0.0318058	0.0531915	0.777778	0	0	0	0.25	0.0674388	0.299273
2003.7	0.0377191	0.03147	0.0496454	0.583333	0	0	0	0.264706	0.0694759	0.297414
2003.8	0.0372436	0.0311175	0.0701754	0.761905	0	0	0	0.340426	0.0618142	0.29545
2003.9	0.0376236	0.0293877	0.026087	0.823529	0	0	0	0.133333	0.0663402	0.295907
2004	0.0381559	0.0306598	0.0393701	0.65	0	0	0	0.296296	0.0686791	0.294913
2004.1	0.0382361	0.0300399	0.0309278	0.733333	0	0	0	0.15	0.0553761	0.298192
2004.2	0.0381739	0.0311417	0.0114943	0.65	0	0	0	0.414634	0.0470146	0.299933
2004.3	0.0382859	0.0330088	0.015873	0.736842	0	0	0	0.16129	0.0532832	0.301074
2004.4	0.0387869	0.0337564	0.0298507	0.684211	0	0	0	0.0958904	0.0489654	0.300962
2004.5	0.0385079	0.033274	0.0362694	0.68	0	0	0	0.178571	0.0532172	0.301503
2004.6	0.0377799	0.0342695	0.0330579	0.47619	0	0	0	0.31746	0.0574988	0.301844
2004.7	0.0374721	0.0350754	0.0601504	0.777778	0	0	0	0.135593	0.0614516	0.300433
2004.8	0.0376268	0.0349518	0.0714286	0.541667	0	0	0	0.258065	0.0565337	0.30031
2004.9	0.0374661	0.0344189	0.0333333	0.5	0	0	0	0.175676	0.0520921	0.299033
2005	0.0365998	0.0343798	0.0309278	0.7	0	0	0	0.163265	0.054001	0.29847
2005.1	0.0355987	0.0349287	0.0462963	0.833333	0	0	0	0.314815	0.0542281	0.30146
2005.2	0.0354006	0.0345528	0.038674	0.818182	0	0	0	0.258427	0.0509925	0.302654
2005.3	0.0348837	0.0347717	0.0555556	0.7	0	0	0	0.269231	0.0462551	0.302262
2005.4	0.0343015	0.0336414	0.0431655	0.705882	0	0	0	0.266667	0.0622665	0.303615
2005.5	0.0335431	0.0335162	0.0504202	0.5	0	0	0	0.290909	0.0631468	0.300233
2005.6	0.0336495	0.0324361	0.0350877	0.652174	0	0	0	0.127273	0.0568867	0.29806
2005.7	0.0337559	0.0306541	0.0285714	0.666667	0	0	0	0.285714	0.0574618	0.295145
2005.8	0.0344467	0.0310626	0.0394737	0.5625	0	0	0	0.243243	0.0627012	0.295229
2005.9	0.0350539	0.0322308	0.0981595	0.421053	0	0	0	0.243243	0.04123	0.297027
2006	0.0357768	0.0321011	0.0108696	0.461538	0	0	0	0.191489	0.0441351	0.297288
2006.1	0.0360794	0.0322039	0.0189873	0.6	0	0	0	0.149254	0.0399202	0.296642
2006.2	0.0368249	0.0344949	0.021978	0.607143	0	0	0	0.181818	0.0436987	0.293965
2006.3	0.0366742	0.0355463	0.0454545	0.7	0	0	0	0.202899	0.0468669	0.295973
2006.4	0.0365918	0.0372939	0.0576923	0.52381	0	0	0	0.279412	0.0409909	0.296963
2006.5	0.036407	0.0370628	0.0692308	0.8	0	0	0	0.262295	0.0324177	0.296019
2006.6	0.0360549	0.0372793	0.0409836	0.8	0	0	0	0.22	0.0397944	0.294807
2006.7	0.0357649	0.0379787	0.0298507	0.6875	0	0	0	0.309859	0.0370959	0.292917
2006.8	0.0352169	0.0372074	0.0413223	0.533333	0	0	0	0.0851064	0.0348371	0.297305
2006.9	0.035039	0.0358644	0.0483871	0.64	0	0	0	0.318182	0.046146	0.295967
2007	0.0354623	0.035984	0	0.470588	0	0	0	0.2	0.0655352	0.295211
2007.1	0.0360503	0.0348858	0.0367647	0.625	0	0	0	0.236364	0.0639318	0.295504
2007.2	0.036662	0.0340148	0.0350877	0.5625	0	0	0	0.196078	0.0637407	0.2969
2007.3	0.0366734	0.0339286	0.0364964	0.774194	0	0	0	0.152542	0.0757432	0.293316
2007.4	0.0368854	0.0320829	0.0377358	0.736842	0	0	0	0.289474	0.0778017	0.29693
2007.5	0.0375951	0.0343134	0.0555556	0.666667	0	0	0	0.212121	0.0673287	0.297489
2007.6	0.0370782	0.0334812	0.0447761	0.73913	0	0	0	0.290323	0.060698	0.29742
2007.7	0.0365948	0.0337268	0.0601504	0.785714	0	0	0	0.196078	0.0477734	0.297182
2007.8	0.0345966	0.0351982	0.0337079	0.692308	0	0	0	0.168675	0.0413456	0.298072
2007.9	0.0333889	0.0346962	0.0178571	0.611111	0	0	0	0.25	0.0425847	0.297945
2008	0.0324797	0.0333217	0.025641	0.583333	0	0	0	0.139535	0.0454463	0.300827
2008.1	0.0316409	0.0371527	0.0747664	0.714286	0	0	0	0.234043	0.0399927	0.300437
2008.2	0.0317773	0.0360888	0.0384615	0.64	0	0	0	0.320988	0.0465033	0.300247
2008.3	0.0320215	0.0361362	0.0598291	0.666667	0	0	0	0.236364	0.0436987	0.303068
2008.4	0.031939	0.0357225	0.0291971	0.647059	0	0	0	0.272727	0.0269736	0.30394
2008.5	0.0331101	0.0347615	0.0285714	0.642857	0	0	0	0.142857	0.0326028	0.304487
2008.6	0.0326831	0.0345749	0.0344828	0.533333	0	0	0	0.2	0.0331431	0.306744
2008.7	0.0326467	0.0353597	0.0136986	0.578947	0	0	0	0.354839	0.0446349	0.305695
2008.8	0.0326106	0.0322631	0.0437956	0.625	0	0	0	0.196721	0.0223007	0.307323
2008.9	0.0314748	0.0304464	0.046875	0.777778	0	0	0	0.263158	0.0222627	0.30533
2009	0.0316902	0.0305645	0.0178571	0.678571	0	0	0	0.1	0.0381607	0.305891
2009.1	0.0315183	0.0287759	0.0429448	0.529412	0	0	0	0.197183	0.0451892	0.306319
2009.2	0.0310911	0.0286944	0.0485437	0.695652	0	0	0	0.271739	0.0464127	0.306634
2009.3	0.0314647	0.0298853	0.020979	0.444444	0	0	0	0.208955	0.0438848	0.305096
2009.4	0.0311978	0.0286612	0.0252101	0.470588	0	0	0	0.229167	0.0478835	0.301673
2009.5	0.0319384	0.0300689	0.0212766	0.4375	0	0	0	0.0862069	0.059988	0.296975
2009.6	0.0321544	0.0317891	0.0756303	0.578947	0	0	0	0.186441	0.055325	0.296632
2009.7	0.0321391	0.0325485	0.037037	0.5	0	0	0	0.0857143	0.0580159	0.296855
2009.8	0.0321102	0.0340805	0.0232558	0.5	0	0	0	0.297297	0.0587048	0.297871
2009.9	0.0325323	0.0344514	0.0222222	0.615385	0	0	0	0.333333	0.0559597	0.295675
2010	0.0327941	0.0337426	0.056338	0.466667	0	0	0	0.147059	0.0514093	0.29316
