1980.1	0	0	0	0	NaN	0	0	0	0	0	0.000713657	0	0	0	0	0	0	0	0
1980.2	0	0	0	0	NaN	0	0	0.000397251	0	0	0.000750229	0	0	0	0	0	0	0	0
1980.3	0	0	0	0	NaN	0	0	0	0	0	0.000869374	0	0	0	0	0	0	0	0
1980.4	0	0	0	0	NaN	0	0	0.000789141	0	0	0.000861837	0	0	0	0	0	0	0	0
1980.5	0	0	0	0	NaN	0	0	0	0	0	0.000931341	0	0	0	0	0	0	0	0
1980.6	0	0	0	0	NaN	0	0	0.000391926	0	0	0.00103927	0	0	0	0	0	0	0	0
1980.7	0	0	0	0	NaN	0	0	0	0	0	0.00108947	0	0	0	0	0	0	0	0
1980.8	0	0	0	0	NaN	0	0	0	0	0	0.0011128	0	0	0	0	0	0	0	0
1980.9	0	0	0	0	NaN	0	0	0	0	0	0.00107404	0	0	0	0	0	0	0	0
1981	0	0	0	0	NaN	0	0	0.000386713	0	0	0.00111409	0	0	0	0	0	0	0	0
1981.1	0	0	0	0	NaN	0	0	0.000385416	0	0	0.00113226	0	0	0	0	0	0	0	0
1981.2	0	0	0	0	NaN	0	0	0.000767902	0	0	0.00116777	0	0	0	0	0	0	0	0
1981.3	0	0	0	0	NaN	0	0	0.000382863	0	0	0.00125268	0	0	0	0	0	0	0	0
1981.4	0	0	0	0	NaN	0	0	0	0	0	0.00123143	0	0	0	0	0	0	0	0
1981.5	0	0	0	0	NaN	0	0	0	0	0	0.00124545	0	0	0	0	0	0	0	0
1981.6	0	0	0	0	NaN	0	0	0.000379118	0	0	0.00126063	0	0	0	0	0	0	0	0
1981.7	0	0	0	0	NaN	0	0	0	0	0	0.00139945	0	0	0	0	0	0	0	0
1981.8	0	0	0	0	NaN	0	0	0	0	0	0.00145062	0	0	0	0	0	0	0	0
1981.9	0	0	0	0	NaN	0	0	0	0	0	0.00153416	0	0	0	0	0	0	0	0
1982	0	0	0	0	NaN	0	0	0	0	0	0.0016001	0	0	0	0	0	0	0	0
1982.1	0	0	0	0	NaN	0	0	0.00037294	0	0	0.0016347	0	0	0	0	0	0	0	0
1982.2	0	0	0	0	NaN	0	0	0	0	0	0.00170257	0	0	0	0	0	0	0	0
1982.3	0	0	0	0	NaN	0	0	0	0	0	0.00173365	0	0	0	0	0	0	0	0
1982.4	0	0	0	0	NaN	0	0	0	0	0	0.00162417	0	0	0	0	0	0	0	0
1982.5	0	0	0	0	NaN	0	0	0.000368148	0	0	0.00162201	0	0	0	0	0	0	0	0
1982.6	0	0	0	0	NaN	0	0	0.000366972	0.000366972	0	0.00161666	0.00207943	0	0	0	0	0	0	0
1982.7	0	0	0	0	NaN	0	0	0	0	0	0.0015922	0.00207943	0	0	0	0	0	0	0
1982.8	0	0	0	0	NaN	0	0	0	0	0	0.00160392	0.00394685	0	0	0	0	0	0	0
1982.9	0	0	0	0	NaN	0	0	0	0	0	0.00165059	0.00567845	0	0	0	0	0	0	0
1983	0	0	0	0	NaN	0	0	0	0	0	0.00168332	0.00733765	0	0	0	0	0	0	0
1983.1	0	0	0	0	NaN	0	0	0	0	0	0.00171198	0.00733765	0	0	0	0	0	0	0
1983.2	0	0	0	0	NaN	0	0	0.000359997	0	0	0.00175834	0.00881192	0	0	0	0	0	0	0
1983.3	0	0	0	0	NaN	0	0	0.000358693	0	0	0.00187373	0.00881192	0	0	0	0	0	0	0
1983.4	0	0	0	0	NaN	0	0	0.000357628	0	0	0.00179896	0.00881192	0	0	0	0	0	0	0
1983.5	0	0	0	0	NaN	0	0	0.000356595	0.000356595	0	0.00189708	0.0100717	0	0	0	0	0	0	0
1983.6	0	0	0	0	NaN	0	0	0	0	0	0.00190982	0.0100717	0	0	0	0	0	0	0
1983.7	0	0	0	0	NaN	0	0	0	0	0	0.00194015	0.0100717	0	0	0	0	0	0	0
1983.8	0	0	0	0	NaN	0	0	0.000353257	0	0	0.00186541	0.0100717	0	0	0	0	0	0	0
1983.9	0	0	0	0	NaN	0	0	0	0	0	0.00194434	0.0131773	0	0	0	0	0	0	0
1984	0	0	0	0	NaN	0	0	0.000701927	0	0.000350963	0.00193703	0.0151409	0	0	0	0	0	0	0
1984.1	0	0	0	0	NaN	0	0	0.000350018	0	0	0.00191426	0.0151409	0	0	0	0	0	0	0
1984.2	0	0	0	0	NaN	0	0	0	0	0	0.00196161	0.0151409	0	0	0	0	0	0	0
1984.3	0	0	0	0	NaN	0	0	0.000347826	0	0	0.00190809	0.0151409	0	0	0	0	0	0	0
1984.4	0	0	0	0	NaN	0	0	0	0	0	0.00188738	0.0159778	0	0	0	0	0	0	0
1984.5	0	0	0	0	NaN	0	0	0	0	0	0.00208262	0.0159778	0	0	0	0	0	0	0
1984.6	0	0	0	0	NaN	0	0	0	0.000344471	0	0.00216206	0.0167447	0	0	0	0	0	0	0
1984.7	0	0	0	0	NaN	0	0	0	0	0	0.00214148	0.0146652	0	0	0	0	0	0	0
1984.8	0	0	0	0	NaN	0	0	0.000342384	0.000342384	0	0.00212014	0.0146652	0	0	0	0	0	0	0
1984.9	0	0	0	0	NaN	0	0	0.00068299	0	0	0.00208273	0.0127978	0	0	0	0	0	0	0
1985	0	0	0	0	NaN	0	0	0.000340391	0	0.000340391	0.00204459	0.0110662	0	0	0	0	0	0	0
1985.1	0	0	0	0	NaN	0	0	0.000678495	0.000339248	0.000339248	0.00217031	0.010047	0	0	0	0	0	0	0
1985.2	0	0	0	0	NaN	0	0	0	0	0	0.00214837	0.010047	0	0	0	0	0	0	0
1985.3	0	0	0	0	NaN	0	0	0	0	0	0.00212656	0.009171	0	0	0	0	0	0	0
1985.4	0	0	0	0	NaN	0	0	0.000336033	0	0.000336033	0.00205527	0.0103324	0	0	0	0	0	0	0
1985.5	0	0	0	0	NaN	0	0	0.000669748	0.000334874	0	0.00208369	0.0120231	0	0	0	0	0	0	0
1985.6	0	0	0	0	NaN	0	0	0.000333901	0.000667802	0.000333901	0.00209292	0.011305	0	0	0	0	0	0	0
1985.7	0	0	0	0	NaN	0	0	0.000332646	0	0	0.00210467	0.0123562	0	0	0	0	0	0	0
1985.8	0	0	0	0	NaN	0	0	0	0	0	0.00213204	0.0144154	0	0	0	0	0	0	0
1985.9	0	0	0	0	NaN	0	0	0	0.00066107	0	0.00215943	0.0154222	0	0	0	0	0	0	0
1986	0	0	0	0	NaN	0	0	0.000329609	0	0	0.00213625	0.0132984	0	0	0	0	0	0	0
1986.1	0	0	0	0	NaN	0	0	0.000328483	0.000328483	0	0.00205138	0.01181	0	0	0	0	0	0	0
1986.2	0	0	0	0	NaN	0	0	0.000327514	0	0	0.00201529	0.0127284	0	0	0	0	0	0	0
1986.3	0	0	0	0	NaN	0	0	0.000652976	0.000326488	0	0.00205808	0.0127284	0	0	0	0	0	0	0
1986.4	0	0	0	0	NaN	0	0	0	0.000325457	0	0.00219652	0.0144695	0	0	0	0	0	0	0
1986.5	0	0	0	0	NaN	0	0	0	0.000324475	0	0.0022089	0.0140566	0	0	0	0	0	0	0
1986.6	0	0	0	0	NaN	0	0	0	0.000323405	0	0.00212208	0.014887	0	0	0	0	0	0	0
1986.7	0	0	0	0	NaN	0	0	0.000644683	0.000644683	0	0.00205477	0.0157495	0	0	0	0	0	0	0
1986.8	0	0	0	0	NaN	0	0	0.00128485	0	0.000642426	0.00219037	0.0161484	0	0	0	0	0	0	0
1986.9	0	0	0	0	NaN	0	0	0.00032041	0.00096123	0.00032041	0.00217109	0.016922	0	0	0	0	0	0	0
1987	0	0	0	0	NaN	0	0	0.000638488	0	0.000319244	0.00216804	0.0188177	0	0	0	0	0	0	0
1987.1	0	0	0	0	NaN	0	0	0.000636841	0.000636841	0.000318421	0.00224072	0.0195641	0	0	0	0	0	0	0
1987.2	0	0	0	0	NaN	0	0	0	0.00031737	0	0.0022323	0.0203949	0	0	0	0	0	0	0
1987.3	0	0	0	0	NaN	0	0	0.000316446	0.000949337	0	0.00231907	0.0214812	0	0	0	0	0	0	0
1987.4	0	0	0	0	NaN	0	0	0.000315467	0.000315467	0	0.00231446	0.0219436	0	0	0	0	0	0	0
1987.5	0	0	0	0	NaN	0	0	0.000314545	0.000314545	0	0.00235619	0.0211275	0	0	0	0	0	0	0
1987.6	0	0	0	0	NaN	0	0	0.000627136	0.000313568	0.000627136	0.00242734	0.0201142	0	0	0	0	0	0	0
1987.7	0	0	0	0	NaN	0	0	0.000312559	0.00187535	0.000312559	0.00229979	0.0222253	0	0	0	0	0	0	0
1987.8	0	0	0	0	NaN	0	0	0.000311604	0.000623208	0.000311604	0.00223504	0.0221466	0	0	0	0	0	0	0
1987.9	0	0	0	0	NaN	0	0	0.000310598	0.000310598	0	0.00221489	0.0213692	0	0	0	0	0	0	0
1988	0	0	0	0	NaN	0	0	0.000929282	0.000929282	0.000309761	0.0022996	0.0213079	0	0	0	0	0	0	0
1988.1	0	0	0	0	NaN	0	0	0.000308785	0.00123514	0	0.0023537	0.0215597	0	0	0	0	0	0	0
1988.2	0	0	0	0	NaN	0	0	0.00092356	0	0.000307853	0.00244111	0.0237918	0	0	0	0	0	0	0
1988.3	0	0	0	0	NaN	0	0	0.000613874	0.00184162	0.000613874	0.00248296	0.0234646	0	0	0	0	0	0	0
1988.4	0	0	0	0	NaN	0	0	0	0.00152957	0	0.00252181	0.0246282	0	0	0	0	0	0	0
1988.5	0	0	0	0	NaN	0	0	0.000610258	0	0.000305129	0.00249908	0.0240256	0	0	0	0	0	0	0
1988.6	0	0	0	0	NaN	0	0	0.000608421	0.000912631	0	0.00258443	0.0261078	0	0	0	0	0	0	0
1988.7	0	0	0	0	NaN	0	0	0.000303352	0.00273017	0	0.00252035	0.0261004	0	0	0	0	0	0	0
1988.8	0	0	0	0	NaN	0	0	0.00030227	0.00060454	0.00030227	0.00262153	0.0255496	0	0	0	0	0	0	0
1988.9	0	0	0	0	NaN	0	0	0.000904677	0.000904677	0.000301559	0.00252425	0.0272602	0	0	0	0	0	0	0
1989	0	0	0	0	NaN	0	0	0.000600925	0.00120185	0.000600925	0.00262429	0.0272714	0	0	0	0	0	0	0
1989.1	0	0	0	0	NaN	0	0	0.000899281	0.00119904	0.00029976	0.00265077	0.0261484	0	0	0	0	0	0	0
1989.2	0	0	0	0	NaN	0	0	0.000597532	0.000597532	0	0.00258542	0.0266732	0	0	0	0	0	0	0
1989.3	0	0	0	0	NaN	0	0	0.000596072	0.00149018	0.000596072	0.00253414	0.0266998	0	0	0	0	0	0	0
1989.4	0	0	0	0	NaN	0	0	0.000891372	0.0011885	0.000594248	0.00254059	0.0273343	0	0	0	0	0	0	0
1989.5	0	0	0	0	NaN	0	0	0.000888757	0.000296252	0.000888757	0.00256555	0.0282144	0	0	0	0	0	0	0
1989.6	0	0	0	0	NaN	0	0	0.000590859	0.00177258	0.00029543	0.00253112	0.0290698	0	0	0	0	0	0	0
1989.7	0	0	0	0	NaN	0	0	0.000589067	0.0017672	0.000589067	0.00255248	0.0293415	0	0	0	0	0	0	0
1989.8	0	0	0	0	NaN	0	0	0.000587441	0.00117488	0.00029372	0.00265272	0.0276173	0	0	0	0	0	0	0
1989.9	0	0	0	0	NaN	0	0	0.000878606	0.00117147	0.000878606	0.00280978	0.0289254	0	0	0	0	0	0	0
1990	0	0	0	0	NaN	0	0	0.000584061	0.00204421	0	0.00284884	0.0287715	0	0	0	0	0	0	0
1990.1	0	0	0	0	NaN	0	0	0.00116404	0.00145505	0.00116404	0.0027973	0.0296104	0	0	0	0	0	0	0
1990.2	0	0	0	0	NaN	0	0	0.000290318	0.00145159	0.000290318	0.00276064	0.0301453	0	0	0	0	0	0	0
1990.3	0	0	0	0	NaN	0	0	0.000289352	0.00144676	0.000289352	0.00289717	0.0298408	0	0	0	0	0	0	0
1990.4	0	0	0	0	NaN	0	0	0.00144292	0.00144292	0.000865751	0.00289243	0.0305401	0	0	0	0	0	0	0
1990.5	0	0	0	0	NaN	0	0	0.00115035	0.00316346	0.000575175	0.00287085	0.0302261	0	0	0	0	0	0	0
1990.6	0	0	0	0	NaN	0	0	0.000286903	0.00258213	0.000286903	0.00283571	0.0307635	0	0	0	0	0	0	0
1990.7	0	0	0	0	NaN	0	0	0.00143	0.002288	0.001144	0.00282824	0.0311433	0	0	0	0	0	0	0
1990.8	0	0	0	0	NaN	0	0	0.00142539	0.00114032	0.000855237	0.00292498	0.0319554	0	0	0	0	0	0	0
1990.9	0	0	0	0	NaN	0	0	0.000853242	0.00142207	0.000284414	0.00290411	0.0314844	0	0	0	0	0	0	0
1991	0	0	0	0	NaN	0	0	0.00141784	0.00226854	0.00113427	0.00294144	0.0301734	0	0	0	0	0	0	0
1991.1	0	0	0	0	NaN	0	0	0.000565531	0.000848296	0.000565531	0.00292	0.0313693	0	0	0	0	0	0	0
1991.2	0	0	0	0	NaN	0	0	0.000845857	0.00112781	0.000563904	0.00306969	0.0327594	0	0	0	0	0	0	0
1991.3	0	0	0	0	NaN	0	0	0.00112439	0.00168658	0.000562193	0.00319106	0.0342159	0	0	0	0	0	0	0
1991.4	0	0	0	0	NaN	0	0	0.00140158	0.00112126	0.000280316	0.00317176	0.0352258	0	0	0	0	0	0	0
1991.5	0	0	0	0	NaN	0	0	0.0016772	0.00195673	0.0016772	0.00319071	0.0356068	0	0	0	0	0	0	0
1991.6	0	0	0	0	NaN	0	0	0.000835701	0.0016714	0.000557134	0.00319918	0.0357423	0	0	0	0	0	0	0
1991.7	0	0	0	0	NaN	0	0	0.000555648	0.00166694	0.000277824	0.00333323	0.0377237	0	0	0	0	0	0	0
1991.8	0	0	0	0	NaN	0	0	0.00166283	0.00138569	0.00138569	0.00326945	0.0388113	0	0	0	0	0	0	0
1991.9	0	0	0	0	NaN	0	0	0.00138167	0.00221068	0.00110534	0.00329152	0.0389887	0	0	0	0	0	0	0
1992	0	0	0	0	NaN	0	0	0.00137733	0.00110187	0.000826401	0.00318667	0.0387066	0	0	0	0	0	0	0
1992.1	0	0	0	0	NaN	0	0	0.000274801	0.001374	0.000274801	0.00319427	0.0388423	0	0	0	0	0	0	0
1992.2	0	0	0	0	NaN	0	0	0.00109595	0.00246589	0.00109595	0.0032285	0.0383088	0	0	0	0	0	0	0
1992.3	0	0	0	0	NaN	0	0	0.0013659	0.00218543	0.00109272	0.00320813	0.0379579	0	0	0	0	0	0	0
1992.4	0	0	0	0	NaN	0	0	0.0010898	0.0016347	0.00081735	0.00308675	0.0360817	0	0	0	0	0	0	0
1992.5	0	0	0	0	NaN	0	0	0.00244545	0.00217374	0.00217374	0.00312278	0.0361795	0	0	0	0	0	0	0
1992.6	0	0	0	0	NaN	0	0	0.00270827	0.00243744	0.00162496	0.0031702	0.0375729	0	0	0	0	0	0	0
1992.7	0	0	0	0	NaN	0	0	0.00162053	0.00189061	0.00135044	0.00319194	0.0387819	0	0	0	0	0	0	0
1992.8	0	0	0	0	NaN	0	0	0.000808211	0.00161642	0.000538808	0.00329245	0.0390873	0	0	0	0	0	0	0
1992.9	0	0	0	0	NaN	0	0	0.0026855	0.00295405	0.0021484	0.00331271	0.0394496	0	0	0	0	0	0	0
1993	0	0	0	0	NaN	0	0	0.00107173	0.00187552	0.000535863	0.00340064	0.0404971	0	0	0	0	0	0	0
1993.1	0	0	0	0	NaN	0	0	0.00213732	0.00213732	0.00187016	0.00348772	0.0413386	0	0	0	0	0	0	0
1993.2	0	0	0	0	NaN	0	0	0.00133205	0.0023977	0.000799233	0.00353451	0.041967	0	0	0	0	0	0	0
1993.3	0	0	0	0	NaN	0	0	0.00292157	0.00265597	0.00159358	0.00347016	0.0430382	0	0	0	0	0	0	0
1993.4	0	0	0	0	NaN	0	0	0.000794934	0.00264978	0.000264978	0.00346045	0.0427211	0	0	0	0	0	0	0
1993.5	0	0	0	0	NaN	0	0	0.00105689	0.000792665	0.000792665	0.00348236	0.0421301	0	0	0	0	0	0	0
1993.6	0	0	0	0	NaN	0	0	0.00210787	0.00237135	0.0015809	0.00343284	0.042561	0	0	0	0	0	0	0
1993.7	0	0	0	0	NaN	0	0	0.0013133	0.00210128	0.000787981	0.00349294	0.0415872	0	0	0	0	0	0	0
1993.8	0	0	0	0	NaN	0	0	0.00130976	0.00392927	0.000785855	0.00339037	0.0417011	0	0	0	0	0	0	0
1993.9	0	0	0	0	NaN	0	0	0.00208997	0.00496369	0.00130623	0.00345002	0.0418488	0	0	0	0	0	0	0
1994	0	0	0	0	NaN	0	0	0.00234485	0.00234485	0.00234485	0.00354822	0.0440075	0	0	0	0	0	0	0
1994.1	0	0	0	0	NaN	0	0	0.00129904	0.00259808	0.000519615	0.00362253	0.0441742	0	0	0	0	0	0	0
1994.2	0	0	0	0	NaN	0	0	0.000777403	0.00518269	0.000777403	0.00361585	0.0446019	0	0	0	0	0	0	0
1994.3	0	0	0	0	NaN	0	0	0.00284355	0.00310206	0.00206804	0.00362008	0.0459491	0	0	0	0	0	0	0
1994.4	0	0	0	0	NaN	0	0	0.00128903	0.00335147	0.00103122	0.00367872	0.046364	0	0	0	0	0	0	0
1994.5	0	0	0	0	NaN	0	0	0.00179893	0.00205592	0.00154194	0.00365825	0.0490273	0	0	0	0	0	0	0
1994.6	0	0	0	0	NaN	0	0	0.00205002	0.00281878	0.00153752	0.00376704	0.0494617	0	0	0	0	0	0	0
1994.7	0	0	0	0	NaN	0	0	0.00102244	0.0048566	0.000511221	0.00369309	0.0484289	0	0	0	0	0	0	0
1994.8	0	0	0	0	NaN	0	0	0.00280369	0.0040781	0.00229393	0.00374996	0.0470528	0	0	0	0	0	0	0
1994.9	0	0	0	0	NaN	0	0	0.00127094	0.00177931	0.00127094	0.00360883	0.0465602	0	0	0	0	0	0	0
1995	0	0	0	0	NaN	0	0	0.00101415	0.00380305	0.000760611	0.00365112	0.04666	0	0	0	0	0	0	0
1995.1	0	0	0	0	NaN	0	0	0.00176951	0.00404459	0.00176951	0.00365225	0.0472328	0	0	0	0	0	0	0
1995.2	0	0	0	0	NaN	0	0	0.00176438	0.00352876	0.00126027	0.00356406	0.0470682	0	0	0	0	0	0	0
1995.3	0	0	0	0	NaN	0	0	0.0020103	0.00351803	0.00175901	0.00364239	0.047392	0	0	0	0	0	0	0
1995.4	0	0	0	0	NaN	0	0	0.00275634	0.00400922	0.00275634	0.00363281	0.0476757	0	0	0	0	0	0	0
1995.5	0	0	0	0	NaN	0	0	0.000999325	0.00349764	0.000499663	0.00367192	0.0474561	0	0	0	0	0	0	0
1995.6	0	0	0	0	NaN	0	0	0.00348718	0.00298902	0.00298902	0.00370282	0.0480154	0	0	0	0	0	0	0
1995.7	0	0	0	0	NaN	0	0	0.00198699	0.00248373	0.00149024	0.00381882	0.04909	0	0	0	0	0	0	0
1995.8	0	0	0	0	NaN	0	0	0.00321958	0.00421021	0.00272426	0.00380853	0.050865	0	0	0	0	0	0	0
1995.9	0	0	0	0	NaN	0	0	0.00172933	0.00345867	0.00123524	0.00381425	0.0500184	0	0	0	0	0	0	0
1996	0	0	0	0	NaN	0	0	0.00123171	0.00320244	0.000985367	0.00376679	0.0505365	0	0	0	0	0	0	0
1996.1	0	0	0	0	NaN	0	0	0.00147301	0.00270051	0.000491002	0.00372879	0.0491163	0	0	0	0	0	0	0
1996.2	0	0	0	0	NaN	0	0	0.0022041	0.0034286	0.0017143	0.00369532	0.0492106	0	0	0	0	0	0	0
1996.3	0	0	0	0	NaN	0	0	0.000976801	0.0026862	0.000732601	0.00376165	0.0500507	0	0	0	0	0	0	0
1996.4	0	0	0	0	NaN	0	0	0.00194742	0.00462512	0.00146056	0.00378806	0.0503982	0	0	0	0	0	0	0
1996.5	0	0	0	0	NaN	0	0	0.00291276	0.00412641	0.00194184	0.00374123	0.051917	0	0	0	0	0	0	0
1996.6	0	0	0	0	NaN	0	0	0.00242008	0.00387212	0.00169405	0.00373395	0.0520728	0	0	0	0	0	0	0
1996.7	0	0	0	0	NaN	0	0	0.00144781	0.00217171	0.000723903	0.00363524	0.0526171	0	0	0	0	0	0	0
1996.8	0	0	0	0	NaN	0	0	0.00240743	0.00433338	0.00144446	0.00370149	0.0533461	0	0	0	0	0	0	0
1996.9	0	0	0	0	NaN	0	0	0.00191971	0.00551916	0.00167974	0.00359415	0.0539106	0	0	0	0	0	0	0
1997	0	0	0	0	NaN	0	0	0.00119637	0.00239275	0.000957098	0.00378047	0.0532792	0	0	0	0	0	0	0
1997.1	0	0	0	0	NaN	0	0	0.00238601	0.00405621	0.00190881	0.00380517	0.0535144	0	0	0	0	0	0	0
1997.2	0	0	0	0	NaN	0	0	0.00261693	0.00404435	0.00190322	0.00376923	0.0531972	0	0	0	0	0	0	0
1997.3	0	0	0	0	NaN	0	0	0.00213498	0.00498162	0.0011861	0.00380919	0.0537652	0	0	0	0	0	0	0
1997.4	0	0	0	0	NaN	0	0	0.00189201	0.00307452	0.00165551	0.0036632	0.0534039	0	0	0	0	0	0	0
1997.5	0	0	0	0	NaN	0	0	0.00401019	0.00283072	0.00283072	0.00366606	0.0525827	0	0	0	0	0	0	0
1997.6	0	0	0	0	NaN	0	0	0.00164659	0.00352842	0.00164659	0.00368865	0.0523986	0	0	0	0	0	0	0
1997.7	0	0	0	0	NaN	0	0	0.00281505	0.00351881	0.00211129	0.00369232	0.0523287	0	0	0	0	0	0	0
1997.8	0	0	0	0	NaN	0	0	0.00163766	0.00608273	0.00116975	0.00372468	0.050717	0	0	0	0	0	0	0
1997.9	0	0	0	0	NaN	0	0	0.00256626	0.00396603	0.00256626	0.00372688	0.050355	0	0	0	0	0	0	0
1998	0	0	0	0	NaN	0	0	0.0030248	0.00488622	0.00279213	0.00379068	0.0500132	0	0	0	0	0	0	0
1998.1	0	0	0	0	NaN	0	0	0.00185636	0.00394477	0.00139227	0.00377153	0.0499417	0	0	0	0	0	0	0
1998.2	0	0	0	0	NaN	0	0	0.00231364	0.00323909	0.00208227	0.00374913	0.0499296	0	0	0	0	0	0	0
1998.3	0	0	0	0	NaN	0	0	0.00161502	0.00484507	0.00161502	0.00382406	0.0500198	0	0	0	0	0	0	0
1998.4	0	0	0	0	NaN	0	0	0.0016109	0.00506283	0.000460257	0.00377857	0.0507571	0	0	0	0	0	0	0
1998.5	0	0	0	0	NaN	0	0	0.0025245	0.0048195	0.0016065	0.00380201	0.0496436	0	0	0	0	0	0	0
1998.6	0	0	0	0	NaN	0	0	0.00183125	0.00343359	0.00137344	0.00393334	0.0492919	0	0	0	0	0	0	0
1998.7	0	0	0	0	NaN	0	0	0.00251136	0.00456611	0.00205475	0.00396134	0.0485463	0	0	0	0	0	0	0
1998.8	0	0	0	0	NaN	0	0	0.00250541	0.00546635	0.00136659	0.0039765	0.0481266	0	0	0	0	0	0	0
1998.9	0	0	0	0	NaN	0	0	0.00272449	0.00454081	0.00227041	0.0040469	0.0493109	0	0	0	0	0	0	0
1999	0	0	0	0	NaN	0	0	0.00181147	0.00543441	0.000905736	0.00422521	0.0495705	0	0	0	0	0	0	0
1999.1	0	0	0	0	NaN	0	0	0.0011291	0.00519387	0.0011291	0.00414058	0.0506037	0	0	0	0	0	0	0
1999.2	0	0	0	0	NaN	0	0	0.00180164	0.00563012	0.00157643	0.00409426	0.0508392	0	0	0	0	0	0	0
1999.3	0	0	0	0	NaN	0	0	0.00202184	0.00426832	0.00157254	0.00410745	0.0522504	0	0	0	0	0	0	0
1999.4	0	0	0	0	NaN	0	0	0.00246477	0.00560174	0.0022407	0.00407536	0.0523804	0	0	0	0	0	0	0
1999.5	0	0	0	0	NaN	0	0	0.00178735	0.00536205	0.00156393	0.00422705	0.0521146	0	0	0	0	0	0	0
1999.6	0	0	0	0	NaN	0	0	0.00200575	0.00423436	0.00178289	0.0042745	0.0519839	0	0	0	0	0	0	0
1999.7	0	0	0	0	NaN	0	0	0.00155594	0.00444553	0.00111138	0.00419314	0.0517739	0	0	0	0	0	0	0
1999.8	0	0	0	0	NaN	0	0	0.00199548	0.00731675	0.00177376	0.0041737	0.0529611	0	0	0	0	0	0	0
1999.9	0	0	0	0	NaN	0	0	0.00265428	0.0066357	0.00243309	0.00407895	0.0528891	0	0	0	0	0	0	0
2000	0	0	0	0	NaN	0	0	0.00154392	0.00352897	0.0011028	0.00414756	0.0539628	0	0	0	0	0	0	0
2000.1	0	0	0	0	NaN	0	0	0.00219969	0.00285959	0.00153978	0.0041154	0.0550323	0	0	0	0	0	0	0
2000.2	0	0	0	0	NaN	0	0	0.00131677	0.00329193	0.00109731	0.00417579	0.055071	0	0	0	0	0	0	0
2000.3	0	0	0	0	NaN	0	0	0.000875657	0.00481611	0.000656743	0.00413341	0.0556505	0	0	0	0	0	0	0
2000.4	0	0	0	0	NaN	0	0	0.0026206	0.00480444	0.00218384	0.00416714	0.0554608	0	0	0	0	0	0	0
2000.5	0	0	0	0	NaN	0	0	0.00239657	0.00457526	0.00174296	0.00420332	0.0546073	0	0	0	0	0	0	0
2000.6	0	0	0	0	NaN	0	0	0.00282603	0.00565205	0.00173909	0.00414746	0.055061	0	0	0	0	0	0	0
2000.7	0	0	0	0	NaN	0	0	0.00238581	0.00542229	0.00216892	0.00403518	0.0556026	0	0	0	0	0	0	0
2000.8	0	0	0	0	NaN	0	0	0.00151433	0.005841	0.001298	0.00411501	0.0560437	0	0	0	0	0	0	0
2000.9	0	0	0	0	NaN	0	0	0.00129489	0.00517956	0.00107907	0.00412858	0.056632	0	0	0	0	0	0	0
2001	0	0	0	0	NaN	0	0	0.00172269	0.0047374	0.000861345	0.00401789	0.0556575	0	0	0	0	0	0	0
2001.1	0	0	0	0	NaN	0	0	0.00214809	0.00343694	0.000859236	0.00391782	0.0559743	0	0	0	0	0	0	0
2001.2	0	0	0	0	NaN	0	0	0.00257119	0.00407105	0.00214266	0.00384205	0.0547629	0	0	0	0	0	0	0
2001.3	0	0	0	0	NaN	0	0	0.00256575	0.00406243	0.00128287	0.00393007	0.0543367	0	0	0	0	0	0	0
2001.4	0	0	0	0	NaN	0	0	0.00234617	0.00597206	0.0017063	0.00388804	0.0542772	0	0	0	0	0	0	0
2001.5	0	0	0	0	NaN	0	0	0.00255395	0.00489508	0.00191546	0.00400973	0.0541084	0	0	0	0	0	0	0
2001.6	0	0	0	0	NaN	0	0	0.00233536	0.00615685	0.00191075	0.00396412	0.0536792	0	0	0	0	0	0	0
2001.7	0	0	0	0	NaN	0	0	0.00190609	0.00296503	0.00169431	0.00391075	0.0539829	0	0	0	0	0	0	0
2001.8	0	0	0	0	NaN	0	0	0.0014797	0.00613017	0.00126831	0.00401947	0.0550366	0	0	0	0	0	0	0
2001.9	0	0	0	0	NaN	0	0	0.00168684	0.00442795	0.00126513	0.00408761	0.0542804	0	0	0	0	0	0	0
2002	0	0	0	0	NaN	0	0	0.00210376	0.00504902	0.00147263	0.00408808	0.0542066	0	0	0	0	0	0	0
2002.1	0	0	0	0	NaN	0	0	0.00125921	0.00356776	0.000419736	0.00397023	0.0523402	0	0	0	0	0	0	0
2002.2	0	0	0	0	NaN	0	0	0.0025134	0.00439846	0.0016756	0.00399448	0.0523573	0	0	0	0	0	0	0
2002.3	0	0	0	0	NaN	0	0	0.00271597	0.00522302	0.00271597	0.00396487	0.0518975	0	0	0	0	0	0	0
2002.4	0	0	0	0	NaN	0	0	0.00145934	0.00542039	0.00125086	0.00399012	0.0517015	0	0	0	0	0	0	0
2002.5	0	0	0	0	NaN	0	0	0.00103991	0.00540754	0.000831929	0.00397914	0.0518686	0	0	0	0	0	0	0
2002.6	0	0	0	0	NaN	0	0	0.0018678	0.00539587	0.00166027	0.0040121	0.0516665	0	0	0	0	0	0	0
2002.7	0	0	0	0	NaN	0	0	0.00227739	0.00496884	0.00165628	0.00400372	0.0508558	0	0	0	0	0	0	0
2002.8	0	0	0	0	NaN	0	0	0.00206539	0.00309809	0.00185885	0.00398595	0.0498984	0	0	0	0	0	0	0
2002.9	0	0	0	0	NaN	0	0	0.00123635	0.00288481	0.00103029	0.00396452	0.0489415	0	0	0	0	0	0	0
2003	0	0	0	0	NaN	0	0	0.00102819	0.00472969	0.000616916	0.00397696	0.0488561	0	0	0	0	0	0	0
2003.1	0	0	0	0	NaN	0	0	0.00307762	0.00328279	0.00266727	0.00392877	0.0485414	0	0	0	0	0	0	0
2003.2	0	0	0	0	NaN	0	0	0.002047	0.0047081	0.0010235	0.00392106	0.0483293	0	0	0	0	0	0	0
2003.3	0	0	0	0	NaN	0	0	0.00224678	0.00449356	0.00163402	0.00401748	0.0487589	0	0	0	0	0	0	0
2003.4	0	0	0	0	NaN	0	0	0.00265025	0.00631982	0.00224252	0.00396354	0.0489348	0	0	0	0	0	0	0
2003.5	0	0	0	0	NaN	0	0	0.0020338	0.00345746	0.00122028	0.00394608	0.0487217	0	0	0	0	0	0	0
2003.6	0	0	0	0	NaN	0	0	0.00365178	0.00669493	0.0026374	0.00387193	0.0492631	0	0	0	0	0	0	0
2003.7	0	0	0	0	NaN	0	0	0.00263174	0.0034415	0.00222686	0.00388171	0.0495696	0	0	0	0	0	0	0
2003.8	0	0	0	0	NaN	0	0	0.00101006	0.00484829	0.000808048	0.00391485	0.0496112	0	0	0	0	0	0	0
2003.9	0	0	0	0	NaN	0	0	0.00181342	0.00423131	0.00120895	0.00377903	0.0499085	0.00602773	0	0	0	0	0	0
2004	0	0	0	0	NaN	0	0	0.00140715	0.00562859	0.000804085	0.00373891	0.048281	0.00602773	0	0	0	0	0	0
2004.1	0	0	0	0	NaN	0.00436569	0.00707449	0.00300903	0.00561685	0.00200602	0.00366793	0.0486098	0.00602773	0.00436569	0	0	0	0	0
2004.2	0	0	0	0	NaN	0.00716662	0.0115846	0.00160112	0.00380266	0.00160112	0.00375266	0.0495461	0.0107896	0.00716662	6.0042e-05	0.000767853	0.107143	0	0.000767656
2004.3	0	0	0	0	NaN	0.0105074	0.0169843	0.00219701	0.00619158	0.00199728	0.00382449	0.0487679	0.0151584	0.0105074	7.98913e-05	0.00102512	0.097561	0	0.00102485
2004.4	0	0	0	0	NaN	0.0122951	0.019975	0.00199283	0.00478278	0.00179354	0.00390758	0.0486212	0.0151584	0.0122951	7.9713e-05	0.00102459	0.0833333	0	0.00102433
2004.5	0	0	0	0	NaN	0.0161373	0.0263048	0.00198863	0.00616474	0.00139204	0.00386961	0.0490845	0.0151584	0.0161373	0.000119318	0.00153689	0.0952381	0	0.00153649
2004.6	0	0	0	0	NaN	0.0173116	0.0280181	0.00198421	0.00396841	0.00138894	0.00379855	0.0495457	0.0187387	0.0173116	0.000119052	0.00152749	0.0882353	0	0.00152711
2004.7	0	0	0	0	NaN	0.0191034	0.0308769	0.00178186	0.00534558	0.00138589	0.00375776	0.0498681	0.0187387	0.0191034	0.000178186	0.00229241	0.12	0	0.00229183
2004.8	0	0	0	0	NaN	0.0193581	0.0313402	0.00237	0.00473999	0.001185	0.00371962	0.050319	0.0187387	0.0193581	0.00017775	0.00229241	0.118421	0	0.00254647
2004.9	0	0	0	0	NaN	0.0200864	0.0326987	0.00275944	0.00512467	0.00137972	0.00372276	0.0500186	0.0187387	0.0200864	0.000177392	0.00228833	0.113924	0	0.00254194
2005	0	0	0	0	NaN	0.0218385	0.0356255	0.00196672	0.00472014	0.00118003	0.0036826	0.0494957	0.0187387	0.0218385	0.000137671	0.00177755	0.0813953	0	0.00253872
2005.1	0	0	0	0	NaN	0.0228775	0.037144	0.00215847	0.00549429	0.00176602	0.00371259	0.0494499	0.0187387	0.0228775	0.000117735	0.00152517	0.0666667	0	0.0025413
2005.2	0	0	0	0	NaN	0.0253807	0.0410509	0.00215306	0.00450186	0.00195733	0.00376682	0.0509817	0.0187387	0.0253807	0.00017616	0.00228426	0.09	0	0.00329866
2005.3	0	0	0	0	NaN	0.0276509	0.0446721	0.00273347	0.0041002	0.00195248	0.00378834	0.0509388	0.0187387	0.0276509	0.000156198	0.00202943	0.0733945	0	0.00329698
2005.4	0	0	0	0	NaN	0.0300714	0.0484401	0.00194769	0.00779074	0.00136338	0.00377625	0.0511201	0.0187387	0.0300714	0.000194769	0.00254842	0.0847458	0	0.00382166
2005.5	0	0	0	0	NaN	0.0329923	0.0531301	0.00233087	0.00407902	0.00135967	0.00375539	0.0511823	0.0187387	0.0329923	0.000194239	0.00255754	0.0775194	0	0.0046024
2005.6	0	0	0	0	NaN	0.0338595	0.0546201	0.00193735	0.00309975	0.000774938	0.00380689	0.0499191	0.0213267	0.0338595	0.000213108	0.00280041	0.0827068	0	0.00483584
2005.7	0	0	0	0	NaN	0.0344828	0.0556693	0.00270667	0.00386668	0.00251334	0.00374812	0.0492766	0.0213267	0.0344828	0.000232001	0.0030426	0.0882353	0	0.00532319
2005.8	0	0	0	0	NaN	0.0351365	0.0566884	0.00212101	0.00347075	0.00154256	0.0036971	0.0488698	0.0213267	0.0351365	0.000212101	0.00278059	0.0791367	0	0.00530705
2005.9	0	0	0	0	NaN	0.0365977	0.0587997	0.00115405	0.00480852	0.000961705	0.00376428	0.0489187	0.0213267	0.0365977	0.000250043	0.00328117	0.0896552	0	0.00580368
2006	0	0	0	0	NaN	0.0383354	0.0614141	0.00134246	0.00575341	0.000767121	0.00373696	0.047782	0.015299	0.0383354	0.000230136	0.00302648	0.0789474	0	0.00630358
2006.1	0	0	0	0	NaN	0.0391315	0.0629058	0.00248751	0.00535772	0.00229617	0.00368997	0.048461	0.015299	0.0391315	0.000248751	0.003282	0.083871	0	0.00656234
2006.2	0	0	0	0	NaN	0.0403938	0.0650407	0.00114523	0.00572617	0.000572617	0.00364414	0.0481699	0.015299	0.0403938	0.000229047	0.00302954	0.075	0	0.00681474
2006.3	0	0	0	0	NaN	0.04174	0.0674797	0.0020948	0.00323742	0.00152349	0.00372856	0.0491758	0.0105371	0.04174	0.00020948	0.0027659	0.0662651	0	0.0072901
2006.4	0	0	0	0	NaN	0.0435	0.0704739	0.00246937	0.00303922	0.00151961	0.00364851	0.0490005	0.00616837	0.0435	0.000265932	0.0035	0.0804598	0	0.00824794
2006.5	0	0	0	0	NaN	0.0442279	0.0718053	0.00113671	0.00568354	0.000947257	0.00360789	0.0494121	0.00804314	0.0442279	0.000246287	0.00324838	0.0734463	0	0.00849363
2006.6	0	0	0	0	NaN	0.0460115	0.0746753	0.00188986	0.00585856	0.00151189	0.00359219	0.0494391	0.00988171	0.0460115	0.000245682	0.00325081	0.0706522	0	0.0085
2006.7	0	0	0	0	NaN	0.0474644	0.0767367	0.00188509	0.00377017	0.00169658	0.00359398	0.0482904	0.00807156	0.0474644	0.000282763	0.00374719	0.0789474	0	0.00949051
2006.8	0	0	0	0	NaN	0.0494902	0.080145	0.00131658	0.00357358	0.000940415	0.00363191	0.0487924	0.00979065	0.0494902	0.000244508	0.00323303	0.0653266	0	0.00944804
2006.9	0	0	0	0	NaN	0.0519642	0.0837004	0.00056281	0.00469008	0.00056281	0.00364409	0.0489647	0.0114327	0.0519642	0.000281405	0.00372949	0.0717703	0	0.01044
2007	0	0	0	0	NaN	0.0536646	0.0866426	0.00168442	0.00505325	0.0013101	0.00367456	0.0480752	0.0114327	0.0536646	0.000336883	0.00447205	0.0833333	0	0.0111773
2007.1	0	0	0	0	NaN	0.0560099	0.0904724	0.00168105	0.00541671	0.00149427	0.00371286	0.0489571	0.0114327	0.0560099	0.00033621	0.00446097	0.079646	0	0.0121407
2007.2	0	0	0	0	NaN	0.0562438	0.0905465	0.00260839	0.00447152	0.00242207	0.00366431	0.0494606	0.0114327	0.0562438	0.000316733	0.00421209	0.0748899	0	0.01189
2007.3	0	0	0	0	NaN	0.0595829	0.096	0.00185829	0.00427406	0.00148663	0.0036847	0.0488771	0.0129024	0.0595829	0.000353075	0.00471698	0.0791667	0	0.0126582
2007.4	0	0	0	0	NaN	0.0616642	0.0992427	0.00166855	0.00315171	0.00129776	0.00366625	0.0484535	0.0143498	0.0616642	0.000407868	0.00544824	0.0883534	0	0.0133696
2007.5	0	0	0	0	NaN	0.0628557	0.101276	0.00277387	0.0044382	0.00258895	0.00357102	0.0475811	0.0143498	0.0628557	0.00036985	0.00494927	0.0787402	0	0.0143493
2007.6	0	0	0	0	NaN	0.063998	0.103146	0.00221353	0.00479599	0.00166015	0.00348685	0.0469414	0.0143498	0.063998	0.000387368	0.00518903	0.0810811	0	0.0143281
2007.7	0	0	0	0	NaN	0.0661584	0.106577	0.00202459	0.00404918	0.00165648	0.00339419	0.0473577	0.0117618	0.0661584	0.000368107	0.00491884	0.0743494	0	0.0147529
2007.8	0	0	0	0	NaN	0.0679588	0.1094	0.00201931	0.00385505	0.00165216	0.00335035	0.0463819	0.0129987	0.0679588	0.000330433	0.00441609	0.0649819	0	0.014962
2007.9	0	0	0	0	NaN	0.0709914	0.114444	0.00219784	0.0051283	0.00164838	0.00341424	0.0466956	0.0141921	0.0709914	0.000366307	0.00489596	0.0689655	0	0.0161527
2008	0	0	0	0	NaN	0.0739205	0.119104	0.00182702	0.00383674	0.000730807	0.00327239	0.047002	0.0153423	0.0739205	0.000401944	0.00536716	0.0726073	0	0.0165854
2008.1	0	0	0	0	NaN	0.0754947	0.122038	0.00255153	0.00528532	0.00164027	0.00328408	0.046972	0.0153423	0.0754947	0.000400955	0.00537503	0.0711974	0	0.0170982
2008.2	0	0	0	0	NaN	0.0771861	0.124852	0.000908942	0.00436292	0.000727154	0.00337802	0.047761	0.0174873	0.0771861	0.000381756	0.00512946	0.0664557	0	0.0175824
2008.3	0	0	0	0	NaN	0.0788897	0.127258	0.00145022	0.00344428	0.00108767	0.00348195	0.0479633	0.0174873	0.0788897	0.000398811	0.00535671	0.0679012	0	0.0187439
2008.4	0	0	0	0	NaN	0.0801071	0.129834	0.00217037	0.00596853	0.00198951	0.00341197	0.046271	0.0185027	0.0801071	0.000379816	0.00511322	0.0638298	0	0.0187439
2008.5	0	0	0	0	NaN	0.0837402	0.135949	0.0021656	0.00559446	0.0021656	0.00339386	0.0458859	0.0185027	0.0837402	0.000397026	0.00537109	0.0641399	0	0.0195265
2008.6	0	0	0	0	NaN	0.0864799	0.14015	0.00143996	0.00503987	0.000899977	0.00336582	0.0456121	0.0166279	0.0864799	0.00037799	0.00511571	0.0591549	0	0.018753
2008.7	0	0	0	0	NaN	0.090555	0.147444	0.00161603	0.00484809	0.00107735	0.00344136	0.0447502	0.0147893	0.090555	0.000359118	0.00486855	0.0537634	0	0.0192261
2008.8	0	0	0	0	NaN	0.0937424	0.153509	0.00232891	0.00501612	0.00179147	0.00338854	0.0454138	0.0139176	0.0937424	0.00030455	0.00413927	0.0441558	0	0.0189873
2008.9	0	0	0	0	NaN	0.0972933	0.159345	0.00196615	0.00554096	0.00178741	0.00337722	0.0438781	0.0130836	0.0972933	0.000357481	0.00487686	0.0501253	0	0.0199902
2009	0	0	0	0	NaN	0.101421	0.1656	0.00106977	0.00392248	0.000713178	0.003477	0.0435052	0.0114416	0.101421	0.000410077	0.00563449	0.0555556	0	0.0210629
2009.1	0	0	0	0	NaN	0.103279	0.168733	0.00106707	0.00409042	0.000889221	0.00347311	0.0442166	0.0120136	0.103279	0.000462395	0.00636319	0.0616114	0	0.0222657
2009.2	0	0	0	0	NaN	0.108531	0.176541	0.00159574	0.00460993	0.00124113	0.00342786	0.0438435	0.0126459	0.108531	0.000478723	0.00659985	0.0608108	0	0.023216
2009.3	0	0	0	0	NaN	0.112168	0.181818	0.00123852	0.00212318	0.00123852	0.00342189	0.0428867	0.0133485	0.112168	0.000583874	0.00804682	0.0717391	0	0.0251097
2009.4	0	0	0	0	NaN	0.114279	0.185229	0.00123557	0.00370671	0.00088255	0.0034158	0.041972	0.0123182	0.114279	0.000617785	0.00852827	0.0746269	0	0.025335
2009.5	0	0	0	0	NaN	0.115928	0.187475	0.00193689	0.00352162	0.00123257	0.0034217	0.0420082	0.0111883	0.115928	0.000721933	0.00998539	0.0861345	0	0.027514
2009.6	0	0	0	0	NaN	0.120409	0.193435	0.00158117	0.00404076	0.00105411	0.00346793	0.0425301	0.0119342	0.120409	0.000843289	0.011676	0.0969697	0	0.0289397
2009.7	0	0	0	0	NaN	0.123699	0.199065	0.00262909	0.00280436	0.00227854	0.00354905	0.0429579	0.0127867	0.123699	0.000876363	0.0121036	0.0978474	0	0.0304937
2009.8	0	0	0	0	NaN	0.128174	0.205905	0.00157403	0.00367274	0.00157403	0.00367293	0.0427046	0.0137703	0.128174	0.000961908	0.0133011	0.103774	0	0.0326402
2009.9	0	0	0	0	NaN	0.130519	0.210156	0.00157095	0.00523652	0.00122185	0.00381787	0.0446401	0.0127533	0.130519	0.000872753	0.01213	0.0929368	0	0.0329857
2010	0	0	0	0	NaN	0.134058	0.214617	0.00121849	0.00330734	0.000870352	0.00369152	0.0447081	0.0116343	0.134058	0.000887759	0.0123188	0.0918919	0	0.0333253
